>MYPOP_MYPOP_H_cluster_3_G20_M1_C5 /name=cluster_3_G20_M1_C5 /info=3.076 /gc_content=0.565 /consensus=MGTTAGCGCTWRCGST /size=16 
0.36187	0.46864	0.09545	0.07405	
0.13218	0.07633	0.66059	0.13090	
0.13575	0.02068	0.02784	0.81573	
0.00525	0.01217	0.00324	0.97934	
0.87511	0.00249	0.00328	0.11912	
0.08135	0.00846	0.90540	0.00479	
0.00000	1.00000	0.00000	0.00000	
0.00000	0.00000	1.00000	0.00000	
0.01878	0.95616	0.00058	0.02448	
0.00346	0.05982	0.00425	0.93247	
0.55306	0.01320	0.15393	0.27981	
0.47837	0.01313	0.45860	0.04991	
0.00856	0.94914	0.03733	0.00496	
0.00925	0.01037	0.97525	0.00513	
0.06639	0.44121	0.26309	0.22931	
0.19882	0.24089	0.17581	0.38448	
>MYF6_MYF6_G_cluster_1_node_6_3motifs_G20_M1_C3 /name=cluster_1_node_6_3motifs_G20_M1_C3 /info=1.911 /gc_content=0.565 /consensus=GRCASCTGTYC /size=11 
0.13163	0.07115	0.65520	0.14201	
0.43641	0.04595	0.26920	0.24844	
0.00415	0.98607	0.00356	0.00623	
0.86007	0.00652	0.12630	0.00712	
0.07738	0.47139	0.31456	0.13667	
0.01423	0.79958	0.17551	0.01067	
0.00000	0.00000	0.00000	1.00000	
0.00000	0.00000	1.00000	0.00000	
0.03824	0.03854	0.00800	0.91521	
0.00771	0.34480	0.11770	0.52980	
0.10021	0.55529	0.23036	0.11414	
>USF3_USF3_G_cluster_1_node_7_3motifs_G18_M2_C4 /name=cluster_1_node_7_3motifs_G18_M2_C4 /info=2.278 /gc_content=0.700 /consensus=VMCCACGTGRCC /size=12 
0.35696	0.26694	0.30015	0.07595	
0.29483	0.50576	0.18305	0.01637	
0.03980	0.88560	0.01176	0.06284	
0.00000	1.00000	0.00000	0.00000	
0.98634	0.00350	0.00636	0.00381	
0.00143	0.99174	0.00286	0.00397	
0.00397	0.00318	0.99198	0.00087	
0.00238	0.11965	0.00381	0.87416	
0.00064	0.03083	0.96790	0.00064	
0.28720	0.04957	0.59498	0.06825	
0.01780	0.55533	0.23977	0.18710	
0.16080	0.54318	0.14245	0.15357	
>ZNF395_ZNF395_G_cluster_1_G20_M5_C7 /name=cluster_1_G20_M5_C7 /info=2.064 /gc_content=0.786 /consensus=SCSSCCRGCCGGCMSRGS /size=18 
0.09780	0.30318	0.50856	0.09046	
0.10497	0.53468	0.24739	0.11295	
0.10589	0.44731	0.27273	0.17407	
0.11851	0.25195	0.57223	0.05731	
0.05123	0.73925	0.17356	0.03596	
0.03214	0.86762	0.07995	0.02029	
0.37485	0.10104	0.38449	0.13961	
0.19727	0.02149	0.78043	0.00080	
0.11772	0.85998	0.01788	0.00442	
0.00000	1.00000	0.00000	0.00000	
0.00000	0.00000	1.00000	0.00000	
0.20731	0.06609	0.61169	0.11491	
0.03495	0.76095	0.12616	0.07794	
0.31429	0.42736	0.17477	0.08359	
0.09240	0.39970	0.38875	0.11915	
0.28309	0.21063	0.31836	0.18792	
0.07290	0.22991	0.59346	0.10374	
0.24579	0.27009	0.40187	0.08224	
>USF3_USF3_G_cluster_1_node_7_3motifs /name=cluster_1_node_7_3motifs /info=2.379 /gc_content=0.699 /consensus=GCCCACGTGRYC /size=12 
0.18956	0.19504	0.49082	0.12457	
0.20275	0.57170	0.20696	0.01859	
0.03980	0.88560	0.01176	0.06284	
0.00199	0.99333	0.00254	0.00215	
0.98634	0.00350	0.00636	0.00381	
0.00143	0.99174	0.00286	0.00397	
0.00397	0.00318	0.99198	0.00087	
0.00278	0.00604	0.00437	0.98681	
0.00207	0.00477	0.99102	0.00215	
0.28720	0.04957	0.59498	0.06825	
0.03035	0.43736	0.21347	0.31882	
0.10400	0.57988	0.15214	0.16398	
>ZNF395_ZNF395_C_cluster_2_G20_M2_C3 /name=cluster_2_G20_M2_C3 /info=2.671 /gc_content=0.838 /consensus=SCSSSCYCSGSSSYSYCCCSSCCS /size=24 
0.07468	0.55844	0.28247	0.08442	
0.05344	0.71756	0.16031	0.06870	
0.09557	0.47094	0.32544	0.10805	
0.12914	0.46535	0.32329	0.08222	
0.17434	0.30822	0.44899	0.06845	
0.02626	0.69479	0.24839	0.03056	
0.00517	0.56651	0.01980	0.40852	
0.01507	0.89884	0.07232	0.01378	
0.01464	0.72062	0.25140	0.01334	
0.00000	0.00000	1.00000	0.00000	
0.01205	0.58201	0.28971	0.11623	
0.00904	0.51700	0.46578	0.00818	
0.00904	0.62505	0.34740	0.01851	
0.03056	0.54671	0.11795	0.30478	
0.05941	0.59363	0.26733	0.07964	
0.07921	0.32802	0.23676	0.35601	
0.03285	0.77926	0.13552	0.05236	
0.04107	0.72895	0.12218	0.10780	
0.04723	0.71458	0.16324	0.07495	
0.04209	0.41684	0.35626	0.18480	
0.07187	0.49897	0.27823	0.15092	
0.01781	0.73028	0.09415	0.15776	
0.08380	0.68156	0.17877	0.05587	
0.09497	0.51955	0.26257	0.12291	
>ZNF831_ZNF831_H_cluster_1_G18_M2_C6 /name=cluster_1_G18_M2_C6 /info=1.805 /gc_content=0.664 /consensus=GGRWTCCCGGG /size=11 
0.01693	0.00954	0.96967	0.00386	
0.02763	0.01588	0.92355	0.03294	
0.58431	0.00325	0.35153	0.06092	
0.61017	0.01004	0.02067	0.35913	
0.00138	0.15697	0.00384	0.83782	
0.10565	0.70440	0.05458	0.13537	
0.01471	0.73659	0.11459	0.13411	
0.00000	1.00000	0.00000	0.00000	
0.01210	0.23420	0.74347	0.01023	
0.18295	0.18938	0.44563	0.18204	
0.24749	0.09187	0.52466	0.13599	
>MYPOP_MYPOP_H_cluster_3 /name=cluster_3 /info=3.191 /gc_content=0.535 /consensus=CGTTAGCGWTWGCGYY /size=16 
0.17176	0.60824	0.12389	0.09611	
0.13218	0.07633	0.66059	0.13090	
0.07668	0.02209	0.02974	0.87149	
0.00525	0.01217	0.00324	0.97934	
0.87511	0.00249	0.00328	0.11912	
0.08135	0.00846	0.90540	0.00479	
0.00293	0.98869	0.00423	0.00415	
0.00114	0.00176	0.99433	0.00276	
0.37573	0.12287	0.01171	0.48969	
0.00346	0.05982	0.00425	0.93247	
0.44973	0.02424	0.01252	0.51351	
0.03048	0.02667	0.93179	0.01106	
0.00856	0.94914	0.03733	0.00496	
0.00925	0.01037	0.97525	0.00513	
0.10586	0.48677	0.04177	0.36560	
0.06840	0.32481	0.08838	0.51841	
>ZNF395_ZNF395_G_cluster_1 /name=cluster_1 /info=2.396 /gc_content=0.835 /consensus=SSSSCCGGCCGGCMSSSS /size=18 
0.12714	0.39120	0.36430	0.11736	
0.13689	0.39472	0.32106	0.14733	
0.13895	0.27531	0.35744	0.22831	
0.11851	0.25195	0.57223	0.05731	
0.05123	0.73925	0.17356	0.03596	
0.03214	0.86762	0.07995	0.02029	
0.01667	0.02873	0.86782	0.08678	
0.00904	0.07995	0.90719	0.00382	
0.00241	0.97208	0.02029	0.00522	
0.00502	0.98172	0.00844	0.00482	
0.00542	0.01105	0.97690	0.00663	
0.01406	0.09542	0.88027	0.01025	
0.03495	0.76095	0.12616	0.07794	
0.31429	0.42736	0.17477	0.08359	
0.09240	0.39970	0.38875	0.11915	
0.07729	0.27150	0.40918	0.24203	
0.11028	0.34486	0.38785	0.15701	
0.16542	0.37664	0.34206	0.11589	
>ZBTB47_ZBTB47_H_cluster_1_node_7_2motifs_G20_M1_C7 /name=cluster_1_node_7_2motifs_G20_M1_C7 /info=2.194 /gc_content=0.483 /consensus=TTAACGCTTYCVB /size=13 
0.02088	0.04285	0.02038	0.91590	
0.06913	0.01612	0.00865	0.90610	
0.96620	0.01602	0.00557	0.01222	
0.88939	0.10310	0.00291	0.00460	
0.00000	1.00000	0.00000	0.00000	
0.00101	0.19834	0.79762	0.00303	
0.00487	0.87125	0.12084	0.00304	
0.03727	0.15234	0.14889	0.66149	
0.03832	0.23935	0.02200	0.70033	
0.08016	0.41928	0.05192	0.44864	
0.21943	0.60258	0.16961	0.00838	
0.27831	0.37024	0.29552	0.05593	
0.09624	0.32722	0.27423	0.30231	
>PRDM13_PRDM13_G_cluster_1_node_6_5motifs_G20_M4_C5 /name=cluster_1_node_6_5motifs_G20_M4_C5 /info=2.570 /gc_content=0.661 /consensus=GSGMGSSWRCAGGTGGCRGSR /size=21 
0.17025	0.19713	0.46057	0.17204	
0.14231	0.36692	0.33615	0.15462	
0.23419	0.24875	0.39684	0.12022	
0.31739	0.39684	0.16389	0.12188	
0.20034	0.17665	0.42504	0.19797	
0.15499	0.27716	0.44636	0.12149	
0.09543	0.53333	0.27107	0.10017	
0.51269	0.01049	0.07343	0.40338	
0.26261	0.00609	0.73096	0.00034	
0.00305	0.98003	0.00948	0.00745	
0.64162	0.00372	0.16108	0.19357	
0.01015	0.00271	0.98376	0.00338	
0.00000	0.00000	1.00000	0.00000	
0.00000	0.00000	0.00000	1.00000	
0.02132	0.01049	0.96108	0.00711	
0.04298	0.02132	0.91844	0.01726	
0.02200	0.75871	0.10558	0.11371	
0.31946	0.23892	0.34856	0.09306	
0.16717	0.17327	0.44839	0.21117	
0.12690	0.30660	0.37936	0.18714	
0.31385	0.13462	0.42077	0.13077	
>ZNF518B_ZNF518B_G_cluster_1_node_1_2motifs_G20_M4_C5 /name=cluster_1_node_1_2motifs_G20_M4_C5 /info=4.615 /gc_content=0.477 /consensus=CCTRGTAGACAYCTACAGAACKCY /size=24 
0.06941	0.58424	0.24223	0.10412	
0.07737	0.75705	0.06797	0.09761	
0.05278	0.11931	0.03543	0.79248	
0.46421	0.07664	0.39479	0.06435	
0.17715	0.00000	0.82285	0.00000	
0.00000	0.00000	0.00000	1.00000	
0.98915	0.00072	0.01012	0.00000	
0.00000	0.00000	1.00000	0.00000	
0.75922	0.00072	0.23572	0.00434	
0.07014	0.61316	0.15546	0.16124	
0.84454	0.03543	0.05785	0.06218	
0.00795	0.25958	0.00217	0.73030	
0.00072	0.99783	0.00145	0.00000	
0.00000	0.00362	0.00145	0.99494	
1.00000	0.00000	0.00000	0.00000	
0.00072	0.98771	0.00072	0.01085	
0.66667	0.01591	0.22632	0.09111	
0.05785	0.04917	0.86623	0.02675	
0.89949	0.03688	0.03181	0.03181	
0.87925	0.03326	0.04555	0.04194	
0.05423	0.81634	0.02892	0.10051	
0.06074	0.20969	0.27115	0.45842	
0.05206	0.63196	0.23572	0.08026	
0.04049	0.26103	0.22704	0.47144	
>TPRX1_TPRX1_H_cluster_1_node_3_2motifs_G20_M4_C7 /name=cluster_1_node_3_2motifs_G20_M4_C7 /info=2.970 /gc_content=0.423 /consensus=KAATCSGATWAKCGGATT /size=18 
0.03475	0.02168	0.26719	0.67638	
0.79006	0.01807	0.02704	0.16483	
0.90648	0.01961	0.02706	0.04686	
0.13029	0.13844	0.05589	0.67538	
0.03414	0.94116	0.02007	0.00463	
0.00990	0.48863	0.49697	0.00450	
0.00085	0.00234	0.99437	0.00244	
0.62812	0.09293	0.19476	0.08419	
0.00000	0.00000	0.00000	1.00000	
0.26570	0.00978	0.00425	0.72026	
0.99501	0.00058	0.00119	0.00321	
0.16724	0.02880	0.30012	0.50384	
0.00471	0.88277	0.10962	0.00289	
0.03531	0.12389	0.79840	0.04240	
0.08355	0.09496	0.60792	0.21357	
0.64867	0.11020	0.10149	0.13964	
0.18965	0.13899	0.15329	0.51806	
0.11751	0.12637	0.22336	0.53276	
>ZBTB47_ZBTB47_H_cluster_1_node_7_2motifs /name=cluster_1_node_7_2motifs /info=2.581 /gc_content=0.446 /consensus=TTAACCCTTTCRY /size=13 
0.02088	0.04285	0.02038	0.91590	
0.17915	0.04178	0.02242	0.75664	
0.96620	0.01602	0.00557	0.01222	
0.81744	0.17016	0.00481	0.00759	
0.00172	0.99011	0.00339	0.00478	
0.00499	0.97688	0.00320	0.01492	
0.00554	0.98977	0.00123	0.00346	
0.04287	0.17522	0.02106	0.76084	
0.04799	0.04754	0.02755	0.87693	
0.11086	0.19689	0.07181	0.62044	
0.04008	0.93705	0.00928	0.01359	
0.33628	0.23890	0.35711	0.06771	
0.13791	0.26608	0.16486	0.43116	
>ZNF493_ZNF493_G_cluster_1_node_3_2motifs_G20_M4_C2 /name=cluster_1_node_3_2motifs_G20_M4_C2 /info=3.290 /gc_content=0.687 /consensus=SGCAYCCAGVCCAGTGCCCA /size=20 
0.20160	0.34240	0.26400	0.19200	
0.11040	0.24000	0.51200	0.13760	
0.10880	0.78880	0.04160	0.06080	
0.56800	0.16320	0.13440	0.13440	
0.07200	0.46080	0.20320	0.26400	
0.04160	0.91200	0.03360	0.01280	
0.02080	0.74240	0.16160	0.07520	
0.62080	0.17920	0.12320	0.07680	
0.06720	0.03520	0.74400	0.15360	
0.35840	0.33600	0.28800	0.01760	
0.05600	0.92640	0.00000	0.01760	
0.00160	0.96000	0.00480	0.03360	
0.65760	0.20480	0.13760	0.00000	
0.00640	0.00000	0.99360	0.00000	
0.00000	0.00000	0.00000	1.00000	
0.02080	0.02560	0.80320	0.15040	
0.00000	1.00000	0.00000	0.00000	
0.16160	0.82240	0.00160	0.01440	
0.00480	0.91840	0.00480	0.07200	
0.61440	0.08160	0.14080	0.16320	
>LEUTX_LEUTX_G_cluster_1_node_5_4motifs_G20_M5_C4 /name=cluster_1_node_5_4motifs_G20_M5_C4 /info=2.051 /gc_content=0.409 /consensus=RKRKGGATTAWCM /size=13 
0.40975	0.10232	0.28977	0.19816	
0.23785	0.11500	0.35406	0.29309	
0.25309	0.20495	0.34923	0.19273	
0.19967	0.04014	0.49879	0.26139	
0.05750	0.07682	0.85693	0.00875	
0.00000	0.00000	1.00000	0.00000	
0.99094	0.00181	0.00211	0.00513	
0.00045	0.00136	0.00106	0.99713	
0.02007	0.00226	0.00060	0.97706	
1.00000	0.00000	0.00000	0.00000	
0.53154	0.05011	0.11711	0.30124	
0.11953	0.72050	0.05660	0.10338	
0.27377	0.29022	0.19046	0.24555	
>SALL3_SALL3_G_cluster_1_G20_M1_C6 /name=cluster_1_G20_M1_C6 /info=2.671 /gc_content=0.288 /consensus=HTMCYGAAATACRTATTTY /size=19 
0.32531	0.30202	0.11491	0.25776	
0.24534	0.22127	0.15217	0.38121	
0.40628	0.28009	0.08200	0.23163	
0.24654	0.39350	0.13259	0.22737	
0.20554	0.32588	0.09212	0.37646	
0.24147	0.14408	0.36535	0.24910	
0.77424	0.04713	0.07047	0.10817	
0.63196	0.03276	0.10413	0.23115	
0.86715	0.00359	0.02469	0.10458	
0.02154	0.00763	0.00718	0.96364	
0.68043	0.20781	0.00673	0.10503	
0.00000	1.00000	0.00000	0.00000	
0.68088	0.00135	0.31732	0.00045	
0.00180	0.05655	0.00000	0.94165	
0.94300	0.00943	0.00269	0.04488	
0.10637	0.14946	0.00449	0.73968	
0.02558	0.02693	0.02199	0.92549	
0.01032	0.10907	0.03546	0.84515	
0.10592	0.54443	0.07765	0.27199	
>ZNF831_ZNF831_H_cluster_1 /name=cluster_1 /info=1.830 /gc_content=0.583 /consensus=GGAATCCCSGG /size=11 
0.09154	0.05158	0.83596	0.02091	
0.11192	0.06436	0.69027	0.13344	
0.97284	0.00541	0.01916	0.00258	
0.80460	0.01324	0.02725	0.15491	
0.00473	0.02006	0.01318	0.96204	
0.01516	0.67064	0.09029	0.22392	
0.01623	0.81308	0.02265	0.14804	
0.00872	0.97743	0.00848	0.00538	
0.08734	0.25371	0.58513	0.07381	
0.18295	0.18938	0.44563	0.18204	
0.24749	0.09187	0.52466	0.13599	
>ZNF395_ZNF395_C_cluster_2 /name=cluster_2 /info=3.037 /gc_content=0.871 /consensus=SSSSSCCCCGSCCCSSCCCSSCCS /size=24 
0.07468	0.55844	0.28247	0.08442	
0.09415	0.50636	0.27990	0.11959	
0.09557	0.47094	0.32544	0.10805	
0.12914	0.46535	0.32329	0.08222	
0.06070	0.35041	0.51055	0.07835	
0.02626	0.69479	0.24839	0.03056	
0.00904	0.93500	0.03315	0.02282	
0.01507	0.89884	0.07232	0.01378	
0.01808	0.88808	0.07706	0.01679	
0.03616	0.07318	0.85622	0.03444	
0.01378	0.65088	0.32372	0.01162	
0.01722	0.91907	0.04821	0.01550	
0.01378	0.90831	0.05037	0.02755	
0.03745	0.66724	0.14421	0.15110	
0.05941	0.59363	0.26733	0.07964	
0.10073	0.41713	0.30133	0.18080	
0.03285	0.77926	0.13552	0.05236	
0.04107	0.72895	0.12218	0.10780	
0.04723	0.71458	0.16324	0.07495	
0.05544	0.53799	0.29979	0.10678	
0.07187	0.49897	0.27823	0.15092	
0.04580	0.62087	0.22901	0.10433	
0.08380	0.68156	0.17877	0.05587	
0.09497	0.51955	0.26257	0.12291	
>TPRX1_TPRX1_H_cluster_1_node_3_2motifs /name=cluster_1_node_3_2motifs /info=3.174 /gc_content=0.361 /consensus=TAATCSGATTAWCGKATT /size=18 
0.04551	0.02840	0.04041	0.88568	
0.79006	0.01807	0.02704	0.16483	
0.90648	0.01961	0.02706	0.04686	
0.14743	0.02506	0.06325	0.76425	
0.08028	0.86162	0.04720	0.01090	
0.02568	0.29113	0.67151	0.01169	
0.00085	0.00234	0.99437	0.00244	
0.98561	0.01064	0.00080	0.00296	
0.00057	0.00062	0.00068	0.99813	
0.03062	0.01292	0.00562	0.95084	
0.99501	0.00058	0.00119	0.00321	
0.36257	0.06244	0.15801	0.41697	
0.07049	0.77061	0.11553	0.04337	
0.09088	0.09035	0.70968	0.10909	
0.11712	0.13311	0.45041	0.29936	
0.48666	0.16102	0.14829	0.20404	
0.18965	0.13899	0.15329	0.51806	
0.13397	0.14406	0.11466	0.60731	
>ZNF648_ZNF648_G_cluster_2_G20_M4_C6 /name=cluster_2_G20_M4_C6 /info=2.397 /gc_content=0.692 /consensus=CCMCSSGCWCMCCYVCYYCCCMBCC /size=25 
0.09137	0.48223	0.21827	0.20812	
0.16056	0.65352	0.08169	0.10423	
0.40000	0.29014	0.18028	0.12958	
0.05634	0.72113	0.08732	0.13521	
0.21408	0.36901	0.34648	0.07042	
0.08451	0.28732	0.46761	0.16056	
0.10986	0.10704	0.55211	0.23099	
0.00000	0.94648	0.02254	0.03099	
0.27042	0.05070	0.03944	0.63944	
0.00845	0.87887	0.03662	0.07606	
0.27887	0.67606	0.01972	0.02535	
0.01972	0.85352	0.02535	0.10141	
0.01690	0.91549	0.01690	0.05070	
0.02535	0.34085	0.07606	0.55775	
0.25915	0.41127	0.25915	0.07042	
0.06479	0.80845	0.07042	0.05634	
0.06479	0.42817	0.13803	0.36901	
0.22254	0.40845	0.10986	0.25915	
0.11831	0.58592	0.14648	0.14930	
0.08732	0.58592	0.13803	0.18873	
0.09859	0.60000	0.12676	0.17465	
0.31013	0.48734	0.10127	0.10127	
0.04430	0.40506	0.29114	0.25949	
0.12025	0.51266	0.15823	0.20886	
0.08228	0.54430	0.24051	0.13291	
>ZNF367_ZNF367_G_cluster_1_node_9_10motifs_G20_M3_C4 /name=cluster_1_node_9_10motifs_G20_M3_C4 /info=2.135 /gc_content=0.381 /consensus=GSCMTTTAAAYG /size=12 
0.05860	0.03162	0.77245	0.13733	
0.10332	0.50060	0.32122	0.07486	
0.06317	0.70878	0.15156	0.07648	
0.36749	0.54835	0.01993	0.06423	
0.00000	0.00000	0.00000	1.00000	
0.00000	0.00000	0.00000	1.00000	
0.00000	0.00000	0.00000	1.00000	
0.91943	0.06916	0.00141	0.01000	
0.99113	0.00570	0.00155	0.00162	
0.66920	0.20354	0.00789	0.11937	
0.07810	0.25819	0.22502	0.43869	
0.12677	0.22495	0.51511	0.13318	
>PRDM13_PRDM13_G_cluster_1_node_7_7motifs /name=cluster_1_node_7_7motifs /info=2.253 /gc_content=0.661 /consensus=TGCCACCTGCY /size=11 
0.12004	0.12131	0.23988	0.51878	
0.08949	0.13595	0.73142	0.04315	
0.03240	0.85272	0.05594	0.05894	
0.00757	0.96958	0.00706	0.01578	
0.97613	0.00554	0.01235	0.00598	
0.00293	0.97906	0.00853	0.00948	
0.00592	0.98231	0.00745	0.00433	
0.14931	0.04162	0.01139	0.79767	
0.00974	0.01814	0.95799	0.01413	
0.01279	0.77075	0.03170	0.18476	
0.16440	0.27177	0.05429	0.50955	
>ZNF518B_ZNF518B_G_cluster_1_node_1_2motifs /name=cluster_1_node_1_2motifs /info=5.444 /gc_content=0.378 /consensus=CCTAATAGACATCTACAGAACTCT /size=24 
0.08749	0.73391	0.04700	0.13160	
0.07737	0.75705	0.06797	0.09761	
0.05278	0.11931	0.03543	0.79248	
0.73536	0.01952	0.14244	0.10268	
0.75705	0.00072	0.24150	0.00072	
0.00072	0.00145	0.00000	0.99783	
0.98915	0.00072	0.01012	0.00000	
0.00000	0.00072	0.99928	0.00000	
0.96023	0.00145	0.03254	0.00578	
0.08171	0.70788	0.02386	0.18655	
0.84454	0.03543	0.05785	0.06218	
0.01085	0.03471	0.00289	0.95155	
0.00072	0.99783	0.00145	0.00000	
0.00000	0.00362	0.00145	0.99494	
0.99711	0.00217	0.00072	0.00000	
0.00072	0.98771	0.00072	0.01085	
0.93203	0.02314	0.00795	0.03688	
0.05785	0.04917	0.86623	0.02675	
0.89949	0.03688	0.03181	0.03181	
0.87925	0.03326	0.04555	0.04194	
0.05423	0.81634	0.02892	0.10051	
0.10701	0.06218	0.03905	0.79176	
0.06435	0.77223	0.06508	0.09834	
0.06941	0.07158	0.05929	0.79971	
>ZBED2_ZBED2_G_cluster_1_node_1_2motifs /name=cluster_1_node_1_2motifs /info=1.817 /gc_content=0.576 /consensus=CCGAAACC /size=8 
0.21681	0.48571	0.16723	0.13025	
0.02353	0.95966	0.00336	0.01345	
0.01008	0.01345	0.95798	0.01849	
0.98319	0.00336	0.01176	0.00168	
0.97143	0.00420	0.01008	0.01429	
0.77479	0.16303	0.04538	0.01681	
0.00504	0.96807	0.01849	0.00840	
0.02521	0.78319	0.01261	0.17899	
>ZNF20_ZNF20_C_cluster_1_node_3_2motifs_G20_M2_C1 /name=cluster_1_node_3_2motifs_G20_M2_C1 /info=5.452 /gc_content=0.524 /consensus=WRAGTACACTCCACAGAGTGGGAGYR /size=26 
0.60638	0.10638	0.00000	0.28723	
0.57447	0.00000	0.34043	0.08511	
0.89506	0.08642	0.01235	0.00617	
0.00000	0.00000	1.00000	0.00000	
0.00000	0.00000	0.00000	1.00000	
0.94444	0.02469	0.01235	0.01852	
0.00000	0.94444	0.00000	0.05556	
0.62346	0.00617	0.15432	0.21605	
0.00000	0.95062	0.00000	0.04938	
0.01235	0.00000	0.00617	0.98148	
0.00000	0.98148	0.00617	0.01235	
0.00000	1.00000	0.00000	0.00000	
0.80864	0.00000	0.08642	0.10494	
0.24074	0.64815	0.02469	0.08642	
0.82716	0.06173	0.11111	0.00000	
0.02469	0.01852	0.93210	0.02469	
0.73457	0.07407	0.16049	0.03086	
0.00000	0.00000	1.00000	0.00000	
0.00000	0.04938	0.19753	0.75309	
0.08025	0.01235	0.88272	0.02469	
0.07407	0.02469	0.77160	0.12963	
0.14815	0.05556	0.78395	0.01235	
0.85185	0.09877	0.03704	0.01235	
0.01852	0.01852	0.89506	0.06790	
0.00000	0.63235	0.01471	0.35294	
0.44118	0.02941	0.38235	0.14706	
>LEUTX_LEUTX_G_cluster_1_node_5_4motifs /name=cluster_1_node_5_4motifs /info=2.038 /gc_content=0.353 /consensus=RWRKGGATTAWMW /size=13 
0.40975	0.10232	0.28977	0.19816	
0.31618	0.15288	0.14156	0.38938	
0.28298	0.08904	0.39964	0.22834	
0.19967	0.04014	0.49879	0.26139	
0.06188	0.00724	0.92137	0.00951	
0.00302	0.00241	0.99170	0.00287	
0.99094	0.00181	0.00211	0.00513	
0.00045	0.00136	0.00106	0.99713	
0.02007	0.00226	0.00060	0.97706	
0.99517	0.00075	0.00091	0.00317	
0.34244	0.08648	0.05222	0.51887	
0.34093	0.36976	0.16149	0.12783	
0.26396	0.10957	0.16797	0.45850	
>SALL3_SALL3_G_cluster_1 /name=cluster_1 /info=3.085 /gc_content=0.207 /consensus=WWWWWGAAATACATATTTY /size=19 
0.41925	0.09938	0.14829	0.33307	
0.27329	0.13276	0.17003	0.42391	
0.28701	0.15495	0.14696	0.41108	
0.34398	0.15176	0.18584	0.31842	
0.32268	0.13365	0.14483	0.39883	
0.24147	0.14408	0.36535	0.24910	
0.77424	0.04713	0.07047	0.10817	
0.74372	0.03860	0.12298	0.09470	
0.86715	0.00359	0.02469	0.10458	
0.02154	0.00763	0.00718	0.96364	
0.89542	0.02917	0.00943	0.06598	
0.00404	0.93447	0.00180	0.05969	
0.91966	0.00224	0.07720	0.00090	
0.00224	0.00224	0.00045	0.99506	
0.94300	0.00943	0.00269	0.04488	
0.02603	0.01302	0.00628	0.95467	
0.02558	0.02693	0.02199	0.92549	
0.01167	0.03097	0.03905	0.91831	
0.16023	0.31239	0.11759	0.40978	
>MYF6_MYF6_C_positions_6nt_m2_G19_M1_C7 /name=positions_6nt_m2_G19_M1_C7 /info=1.714 /gc_content=0.546 /consensus=WWRCASCTGTYMYC /size=14 
0.33024	0.20187	0.18848	0.27941	
0.31406	0.19969	0.21952	0.26673	
0.38723	0.12412	0.40025	0.08840	
0.00000	1.00000	0.00000	0.00000	
0.92452	0.01530	0.03986	0.02032	
0.06696	0.36175	0.55941	0.01188	
0.02548	0.92321	0.03562	0.01569	
0.01574	0.02061	0.01593	0.94772	
0.00000	0.00000	1.00000	0.00000	
0.06023	0.17028	0.10533	0.66416	
0.10248	0.37266	0.13412	0.39075	
0.29898	0.28199	0.18789	0.23114	
0.18375	0.30402	0.21762	0.29461	
0.19287	0.33125	0.22790	0.24798	
>ZBED5_ZBED5_G_cluster_1_node_1_2motifs_G20_M3_C9 /name=cluster_1_node_1_2motifs_G20_M3_C9 /info=2.212 /gc_content=0.762 /consensus=CMYCGSAACCCC /size=12 
0.02564	0.93269	0.02244	0.01923	
0.54167	0.38141	0.03846	0.03846	
0.18269	0.45513	0.11218	0.25000	
0.00000	1.00000	0.00000	0.00000	
0.00962	0.00000	0.99038	0.00000	
0.00000	0.55769	0.39103	0.05128	
0.46795	0.22756	0.10256	0.20192	
0.63141	0.00000	0.16987	0.19872	
0.00000	0.83013	0.16987	0.00000	
0.05769	0.93590	0.00641	0.00000	
0.00321	0.97756	0.01282	0.00641	
0.00641	0.81090	0.01603	0.16667	
>MSANTD1_MSANTD1_S_cluster_2_G20_M5_C1 /name=cluster_2_G20_M5_C1 /info=1.414 /gc_content=0.746 /consensus=GCGCGTCSSG /size=10 
0.23649	0.10285	0.43463	0.22603	
0.05811	0.73562	0.07438	0.13190	
0.06159	0.03951	0.85125	0.04765	
0.00000	1.00000	0.00000	0.00000	
0.00000	0.00000	1.00000	0.00000	
0.22719	0.01395	0.11854	0.64033	
0.22429	0.61766	0.03719	0.12086	
0.14933	0.53922	0.28530	0.02615	
0.05636	0.55142	0.34282	0.04939	
0.13248	0.14526	0.57118	0.15107	
>ZBED2_ZBED2_C_cluster_1_node_3_3motifs_G19_M5_C5 /name=cluster_1_node_3_3motifs_G19_M5_C5 /info=1.756 /gc_content=0.593 /consensus=GBMCGAAMCY /size=10 
0.24313	0.17875	0.49500	0.08313	
0.07687	0.31250	0.35500	0.25562	
0.27437	0.56250	0.09438	0.06875	
0.00000	1.00000	0.00000	0.00000	
0.00000	0.00000	1.00000	0.00000	
1.00000	0.00000	0.00000	0.00000	
1.00000	0.00000	0.00000	0.00000	
0.43938	0.44188	0.01750	0.10125	
0.00688	0.89750	0.07938	0.01625	
0.08375	0.37688	0.11500	0.42438	
>MSANTD1_MSANTD1_S_cluster_2 /name=cluster_2 /info=1.569 /gc_content=0.830 /consensus=GCGCGKCCSS /size=10 
0.09413	0.15398	0.64439	0.10750	
0.06334	0.79605	0.08077	0.05985	
0.06159	0.03951	0.85125	0.04765	
0.02034	0.88146	0.04997	0.04823	
0.03196	0.04009	0.90877	0.01917	
0.02034	0.03777	0.30912	0.63277	
0.04590	0.86636	0.05288	0.03486	
0.07263	0.75828	0.09529	0.07379	
0.08309	0.34166	0.50203	0.07321	
0.07728	0.34980	0.53632	0.03661	
>ZNF493_ZNF493_G_cluster_1_node_3_2motifs /name=cluster_1_node_3_2motifs /info=3.361 /gc_content=0.629 /consensus=RGCACCCAGVMCAGTKCCCA /size=20 
0.31360	0.11840	0.40480	0.16320	
0.12320	0.15680	0.56640	0.15360	
0.09280	0.63520	0.11040	0.16160	
0.56800	0.16320	0.13440	0.13440	
0.08480	0.52800	0.15680	0.23040	
0.04160	0.91200	0.03360	0.01280	
0.02560	0.86080	0.02560	0.08800	
0.73600	0.02400	0.14720	0.09280	
0.06720	0.03520	0.74400	0.15360	
0.35840	0.33600	0.28800	0.01760	
0.39680	0.46880	0.00640	0.12800	
0.00160	0.96000	0.00480	0.03360	
0.98720	0.00160	0.00960	0.00160	
0.00640	0.00000	0.99360	0.00000	
0.00000	0.00800	0.00000	0.99200	
0.04000	0.04960	0.62240	0.28800	
0.00000	0.94560	0.00800	0.04640	
0.00160	0.97760	0.00320	0.01760	
0.00480	0.91840	0.00480	0.07200	
0.61440	0.08160	0.14080	0.16320	
>ZNF367_ZNF367_G_cluster_1_node_10_11motifs /name=cluster_1_node_10_11motifs /info=2.360 /gc_content=0.357 /consensus=GCATKKKCCMTTTAAATG /size=18 
0.20976	0.13415	0.45122	0.20488	
0.17317	0.45854	0.12927	0.23902	
0.29081	0.22085	0.24505	0.24329	
0.24483	0.22583	0.15702	0.37231	
0.24145	0.14076	0.27182	0.34597	
0.21699	0.12376	0.38278	0.27647	
0.18249	0.09960	0.27161	0.44630	
0.15887	0.60031	0.12643	0.11438	
0.06948	0.79862	0.04723	0.08467	
0.44452	0.45280	0.02416	0.07851	
0.01417	0.00507	0.00958	0.97118	
0.00164	0.00157	0.00308	0.99370	
0.00479	0.00192	0.00116	0.99213	
0.98631	0.00151	0.00164	0.01054	
0.99110	0.00561	0.00164	0.00164	
0.91026	0.03970	0.01205	0.03799	
0.11219	0.10569	0.16319	0.61893	
0.14388	0.13471	0.57054	0.15087	
>SALL3_SALL3_C_positions_7nt_m1_G20_M4_C4 /name=positions_7nt_m1_G20_M4_C4 /info=3.393 /gc_content=0.146 /consensus=HWATWATAHATATTAATMTTATWW /size=24 
0.29934	0.27417	0.06533	0.36116	
0.37374	0.03728	0.24707	0.34191	
0.72171	0.02715	0.04186	0.20928	
0.15385	0.03733	0.02262	0.78620	
0.67534	0.02715	0.04638	0.25113	
0.70022	0.03846	0.01471	0.24661	
0.14480	0.03959	0.02489	0.79072	
0.43555	0.22791	0.16365	0.17289	
0.27233	0.28311	0.03224	0.41232	
0.96893	0.00247	0.00286	0.02574	
0.09389	0.00792	0.01584	0.88235	
0.74373	0.20518	0.01368	0.03741	
0.10068	0.01697	0.01697	0.86538	
0.08145	0.02489	0.01584	0.87782	
0.57799	0.24266	0.07870	0.10065	
0.84389	0.01131	0.00905	0.13575	
0.07014	0.01131	0.01131	0.90724	
0.69539	0.25422	0.01537	0.03502	
0.13228	0.08762	0.02099	0.75911	
0.11691	0.23567	0.02006	0.62736	
0.88949	0.00497	0.04128	0.06426	
0.16189	0.02069	0.22691	0.59051	
0.37330	0.05882	0.06448	0.50340	
0.38355	0.05966	0.04451	0.51228	
>USF3_USF3_C_cluster_1_node_1_2motifs_G20_M1_C7 /name=cluster_1_node_1_2motifs_G20_M1_C7 /info=1.894 /gc_content=0.828 /consensus=GCCCRCGCGGSY /size=12 
0.16999	0.24989	0.45518	0.12494	
0.09258	0.68357	0.15844	0.06541	
0.04663	0.71028	0.20394	0.03916	
0.01403	0.87845	0.09756	0.00996	
0.51901	0.19715	0.27343	0.01041	
0.00000	1.00000	0.00000	0.00000	
0.00000	0.00000	1.00000	0.00000	
0.00294	0.80285	0.03712	0.15708	
0.01086	0.01766	0.95632	0.01517	
0.19036	0.05568	0.70711	0.04685	
0.04617	0.40222	0.48597	0.06564	
0.09959	0.36351	0.19851	0.33839	
>ZNF493_ZNF493_C_cluster_8_G20_M3_C7 /name=cluster_8_G20_M3_C7 /info=2.464 /gc_content=0.705 /consensus=GRGCMYCCAGAYC /size=13 
0.19048	0.07937	0.71429	0.01587	
0.25397	0.03175	0.71429	0.00000	
0.03175	0.12698	0.84127	0.00000	
0.00000	0.90476	0.09524	0.00000	
0.69841	0.26984	0.03175	0.00000	
0.00000	0.53968	0.00000	0.46032	
0.00000	0.98413	0.01587	0.00000	
0.00000	0.76190	0.09524	0.14286	
0.77778	0.00000	0.22222	0.00000	
0.00000	0.00000	1.00000	0.00000	
0.80952	0.01587	0.17460	0.00000	
0.06349	0.58730	0.03175	0.31746	
0.00000	0.84127	0.07937	0.07937	
>MYF6_MYF6_G_cluster_1_node_6_3motifs /name=cluster_1_node_6_3motifs /info=2.141 /gc_content=0.555 /consensus=GTCASCTGTTC /size=11 
0.14646	0.07916	0.72784	0.04655	
0.19923	0.09398	0.20190	0.50489	
0.00415	0.98607	0.00356	0.00623	
0.97095	0.00741	0.01334	0.00830	
0.01927	0.57545	0.38452	0.02075	
0.01423	0.79958	0.17551	0.01067	
0.00415	0.00712	0.00623	0.98251	
0.00534	0.01186	0.97391	0.00889	
0.01897	0.11355	0.02372	0.84376	
0.01275	0.11385	0.04388	0.82953	
0.11058	0.61103	0.15268	0.12570	
>SALL3_SALL3_C_positions_7nt_m2 /name=positions_7nt_m2 /info=3.956 /gc_content=0.062 /consensus=WWATAWTTAATATTAATAWTAWWW /size=24 
0.33676	0.06427	0.05527	0.54370	
0.54755	0.05013	0.05013	0.35219	
0.65939	0.05141	0.05270	0.23650	
0.21851	0.06041	0.03085	0.69023	
0.66710	0.05398	0.03470	0.24422	
0.41774	0.03213	0.02185	0.52828	
0.14139	0.00900	0.03856	0.81105	
0.17481	0.01799	0.01542	0.79178	
0.90103	0.02314	0.01542	0.06041	
0.76222	0.02442	0.01285	0.20051	
0.04113	0.00386	0.00643	0.94858	
0.92288	0.00514	0.01671	0.05527	
0.06941	0.01285	0.01414	0.90360	
0.07841	0.01157	0.01285	0.89717	
0.88174	0.00643	0.01414	0.09769	
0.86761	0.01157	0.01671	0.10411	
0.04627	0.01285	0.01157	0.92931	
0.85347	0.02828	0.03213	0.08612	
0.66453	0.02956	0.01928	0.28663	
0.18895	0.04884	0.02185	0.74036	
0.64524	0.05913	0.04627	0.24936	
0.41517	0.03728	0.04113	0.50642	
0.39846	0.05656	0.08483	0.46015	
0.41003	0.06555	0.05656	0.46787	
>CAMTA1_CAMTA1_C_cluster_2_node_5_5motifs_G20_M4_C3 /name=cluster_2_node_5_5motifs_G20_M4_C3 /info=3.086 /gc_content=0.831 /consensus=YSSSSCCSSCCGCGCCSCSSCSMCSSS /size=27 
0.04715	0.57237	0.10417	0.27632	
0.11574	0.42048	0.35720	0.10658	
0.09396	0.53379	0.27629	0.09596	
0.06632	0.44103	0.40155	0.09110	
0.06168	0.54297	0.29600	0.09935	
0.04903	0.74503	0.14890	0.05703	
0.10090	0.69961	0.12155	0.07794	
0.09557	0.32302	0.51616	0.06524	
0.05926	0.34038	0.50838	0.09198	
0.01437	0.90223	0.05088	0.03252	
0.02594	0.85674	0.08081	0.03651	
0.00219	0.08659	0.90942	0.00180	
0.00000	1.00000	0.00000	0.00000	
0.00000	0.00000	1.00000	0.00000	
0.01277	0.69713	0.04090	0.24920	
0.03212	0.71229	0.03591	0.21967	
0.01257	0.45271	0.51656	0.01816	
0.22067	0.68136	0.06305	0.03492	
0.03990	0.46987	0.32382	0.16640	
0.23184	0.35355	0.26516	0.14944	
0.07063	0.67338	0.18675	0.06923	
0.05523	0.55329	0.32800	0.06348	
0.25110	0.46271	0.20542	0.08077	
0.06952	0.62234	0.21566	0.09247	
0.09922	0.53628	0.25515	0.10935	
0.12453	0.44166	0.30703	0.12678	
0.08224	0.51892	0.28530	0.11354	
>ZNF251_ZNF251_G_cluster_1_node_6_2motifs_G20_M3_C2 /name=cluster_1_node_6_2motifs_G20_M3_C2 /info=3.118 /gc_content=0.469 /consensus=YKRYGYTAAGTGMAASAAG /size=19 
0.13731	0.25583	0.09521	0.51166	
0.10215	0.13289	0.38380	0.38116	
0.35339	0.01653	0.57091	0.05917	
0.01157	0.58149	0.01091	0.39603	
0.00000	0.00000	1.00000	0.00000	
0.00826	0.65455	0.00298	0.33421	
0.07273	0.00926	0.00000	0.91802	
0.95405	0.00562	0.03471	0.00562	
0.93917	0.05554	0.00231	0.00298	
0.01983	0.15008	0.83008	0.00000	
0.00661	0.18810	0.00992	0.79537	
0.00562	0.09157	0.90281	0.00000	
0.46248	0.52959	0.00463	0.00331	
0.79669	0.15901	0.03570	0.00860	
0.71041	0.09620	0.17752	0.01587	
0.15636	0.33157	0.30579	0.20628	
0.85686	0.01884	0.06314	0.06116	
0.62909	0.24860	0.09653	0.02579	
0.10557	0.08096	0.77591	0.03756	
>ZNF20_ZNF20_G_cluster_2_node_2_2motifs_G20_M3_C5 /name=cluster_2_node_2_2motifs_G20_M3_C5 /info=2.677 /gc_content=0.563 /consensus=MAMGTACDCTCCYCMGASK /size=19 
0.32596	0.48089	0.06439	0.12877	
0.64109	0.16647	0.10153	0.09091	
0.35419	0.55372	0.02125	0.07084	
0.00000	0.00000	1.00000	0.00000	
0.00354	0.17946	0.00118	0.81582	
0.96694	0.00826	0.01889	0.00590	
0.00000	1.00000	0.00000	0.00000	
0.32704	0.01299	0.30342	0.35655	
0.00000	1.00000	0.00000	0.00000	
0.08737	0.01653	0.15348	0.74262	
0.00000	0.89020	0.10980	0.00000	
0.15584	0.70484	0.12043	0.01889	
0.24911	0.29988	0.13932	0.31169	
0.20543	0.57733	0.14404	0.07320	
0.40968	0.37072	0.07792	0.14168	
0.22000	0.10571	0.57429	0.10000	
0.79429	0.04286	0.10000	0.06286	
0.09714	0.36000	0.50857	0.03429	
0.11143	0.19143	0.30000	0.39714	
>ZNF648_ZNF648_C_cluster_2_G20_M5_C2 /name=cluster_2_G20_M5_C2 /info=2.453 /gc_content=0.814 /consensus=SSCSGGRGGGGMGCCCCG /size=18 
0.14536	0.30485	0.43203	0.11777	
0.17058	0.26865	0.44245	0.11833	
0.07502	0.65506	0.21393	0.05599	
0.16303	0.38902	0.39290	0.05506	
0.04997	0.20563	0.70234	0.04206	
0.18272	0.21527	0.44072	0.16129	
0.44756	0.08614	0.45546	0.01085	
0.02277	0.03992	0.92177	0.01554	
0.03429	0.06309	0.87877	0.02384	
0.00978	0.07167	0.91078	0.00777	
0.03336	0.03550	0.92190	0.00924	
0.65532	0.31092	0.02036	0.01340	
0.02076	0.04488	0.91842	0.01594	
0.04046	0.92445	0.02679	0.00831	
0.07595	0.62304	0.22639	0.07461	
0.09578	0.54226	0.24876	0.11319	
0.07792	0.64007	0.23169	0.05032	
0.09259	0.13204	0.71969	0.05568	
>ZBED2_ZBED2_C_cluster_1_node_3_3motifs /name=cluster_1_node_3_3motifs /info=1.818 /gc_content=0.593 /consensus=SCCCGAAACY /size=10 
0.14438	0.30000	0.41563	0.14000	
0.13625	0.55250	0.17813	0.13312	
0.22937	0.50438	0.15375	0.11250	
0.02938	0.93312	0.02063	0.01688	
0.00688	0.01562	0.96688	0.01063	
0.95063	0.01875	0.02625	0.00438	
0.95437	0.01500	0.02188	0.00875	
0.84000	0.10063	0.03438	0.02500	
0.00750	0.94875	0.02625	0.01750	
0.03812	0.65875	0.04000	0.26312	
>CREB3L3_CREB3L3_H_cluster_3_G20_M4_C1 /name=cluster_3_G20_M4_C1 /info=1.563 /gc_content=0.673 /consensus=CSACGYCMCCVC /size=12 
0.08914	0.71850	0.06928	0.12308	
0.01048	0.66281	0.31640	0.01030	
0.81121	0.12014	0.02758	0.04106	
0.00000	1.00000	0.00000	0.00000	
0.00000	0.00000	1.00000	0.00000	
0.17983	0.26495	0.00574	0.54948	
0.09155	0.62608	0.14818	0.13420	
0.53402	0.27578	0.18216	0.00804	
0.06760	0.65115	0.06667	0.21457	
0.24490	0.60889	0.11047	0.03573	
0.33353	0.29623	0.30255	0.06769	
0.19374	0.47443	0.14527	0.18657	
>ZNF500_ZNF500_H_cluster_1_node_3_2motifs_G20_M3_C4 /name=cluster_1_node_3_2motifs_G20_M3_C4 /info=2.303 /gc_content=0.647 /consensus=GTCKACACGCC /size=11 
0.01014	0.01686	0.96685	0.00615	
0.02481	0.03056	0.02012	0.92452	
0.08468	0.84119	0.06749	0.00663	
0.01619	0.03776	0.52869	0.41737	
0.82443	0.02517	0.13725	0.01315	
0.00928	0.61890	0.14223	0.22960	
0.95436	0.01199	0.02974	0.00390	
0.00000	1.00000	0.00000	0.00000	
0.00000	0.00000	1.00000	0.00000	
0.08208	0.85689	0.02258	0.03845	
0.09568	0.51324	0.24967	0.14140	
>CAMTA1_CAMTA1_C_cluster_2_node_4_4motifs /name=cluster_2_node_4_4motifs /info=3.310 /gc_content=0.858 /consensus=CSSSSCCSSCCCCGCCCCSSCCSCSSS /size=27 
0.10417	0.54276	0.22697	0.12610	
0.11574	0.42048	0.35720	0.10658	
0.09396	0.53379	0.27629	0.09596	
0.08052	0.53342	0.27587	0.11019	
0.06168	0.54297	0.29600	0.09935	
0.04903	0.74503	0.14890	0.05703	
0.10090	0.69961	0.12155	0.07794	
0.08413	0.30916	0.54865	0.05806	
0.05006	0.35639	0.51174	0.08181	
0.01677	0.89368	0.05523	0.03432	
0.02942	0.83303	0.09755	0.04000	
0.02890	0.90323	0.04697	0.02090	
0.02374	0.89755	0.05368	0.02503	
0.04284	0.06452	0.83948	0.05316	
0.02039	0.89703	0.06245	0.02013	
0.05110	0.87948	0.05084	0.01858	
0.02606	0.79871	0.13626	0.03897	
0.04852	0.81497	0.08981	0.04671	
0.04671	0.61394	0.25987	0.07948	
0.14606	0.36852	0.30452	0.18090	
0.05626	0.72052	0.16335	0.05987	
0.06968	0.69703	0.15329	0.08000	
0.06452	0.57781	0.25677	0.10090	
0.06952	0.62234	0.21566	0.09247	
0.09922	0.53628	0.25515	0.10935	
0.12453	0.44166	0.30703	0.12678	
0.08224	0.51892	0.28530	0.11354	
>MYPOP_MYPOP_P_oligos_6-7nt_m3_G20_M5_C3 /name=oligos_6-7nt_m3_G20_M5_C3 /info=2.190 /gc_content=0.511 /consensus=MMDTTWGCGCCAYMR /size=15 
0.28302	0.28302	0.20755	0.22642	
0.25472	0.27358	0.23585	0.23585	
0.27358	0.15094	0.31132	0.26415	
0.15727	0.02948	0.02456	0.78869	
0.00521	0.01302	0.00260	0.97917	
0.38324	0.00000	0.00615	0.61061	
0.00943	0.00000	0.99057	0.00000	
0.00000	1.00000	0.00000	0.00000	
0.00000	0.00000	1.00000	0.00000	
0.01887	0.96226	0.00000	0.01887	
0.08078	0.65436	0.02423	0.24063	
0.83501	0.04658	0.08153	0.03688	
0.24210	0.25881	0.17531	0.32377	
0.40590	0.34116	0.14535	0.10759	
0.36580	0.16197	0.28913	0.18310	
>CAMTA1_CAMTA1_G_cluster_5_G20_M5_C3 /name=cluster_5_G20_M5_C3 /info=2.332 /gc_content=0.660 /consensus=GTGCGYSYSYGCRDYGCRG /size=19 
0.16346	0.21154	0.50962	0.11538	
0.13462	0.17308	0.14423	0.54808	
0.05769	0.11538	0.73077	0.09615	
0.06731	0.51923	0.19231	0.22115	
0.14423	0.06731	0.71154	0.07692	
0.05769	0.29808	0.01923	0.62500	
0.05769	0.25000	0.58654	0.10577	
0.02885	0.33654	0.13462	0.50000	
0.00000	0.25962	0.71154	0.02885	
0.00000	0.36538	0.15385	0.48077	
0.00000	0.00000	1.00000	0.00000	
0.02885	0.85577	0.06731	0.04808	
0.65385	0.02885	0.29808	0.01923	
0.26923	0.02885	0.25000	0.45192	
0.00000	0.41346	0.01923	0.56731	
0.00000	0.00000	1.00000	0.00000	
0.13462	0.68269	0.10577	0.07692	
0.35577	0.17308	0.27885	0.19231	
0.00962	0.04808	0.80769	0.13462	
>GCM1_GCM1_P_dyads_test_vs_ctrl_m3_G20_M2_C1 /name=dyads_test_vs_ctrl_m3_G20_M2_C1 /info=2.029 /gc_content=0.601 /consensus=RCTRCCCGYATSKK /size=14 
0.27190	0.08828	0.56068	0.07914	
0.18214	0.48395	0.21856	0.11535	
0.14407	0.15254	0.13559	0.56780	
0.69029	0.01531	0.26377	0.03063	
0.00000	1.00000	0.00000	0.00000	
0.00000	0.98051	0.00000	0.01949	
0.02706	0.96212	0.00947	0.00135	
0.01888	0.04735	0.81118	0.12259	
0.00642	0.62401	0.03216	0.33741	
0.97459	0.00847	0.00847	0.00847	
0.01439	0.01799	0.19512	0.77250	
0.08337	0.45533	0.34586	0.11543	
0.21186	0.22881	0.28814	0.27119	
0.21186	0.21186	0.27119	0.30508	
>MSANTD1_MSANTD1_H_cluster_3_G20_M2_C10 /name=cluster_3_G20_M2_C10 /info=1.891 /gc_content=0.689 /consensus=MCCYCGMCCWMSCCCCMCCC /size=20 
0.26376	0.51133	0.09311	0.13180	
0.10954	0.70278	0.07767	0.11001	
0.21635	0.53166	0.17670	0.07530	
0.22633	0.37994	0.08436	0.30936	
0.00000	1.00000	0.00000	0.00000	
0.00000	0.00000	1.00000	0.00000	
0.27509	0.57532	0.05878	0.09081	
0.10323	0.71923	0.06899	0.10855	
0.10522	0.70172	0.07879	0.11427	
0.37856	0.21431	0.10532	0.30182	
0.36104	0.50056	0.05369	0.08471	
0.08803	0.53854	0.28813	0.08530	
0.11556	0.69080	0.07469	0.11895	
0.18243	0.64461	0.06737	0.10559	
0.20755	0.42299	0.20362	0.16584	
0.10252	0.60425	0.06559	0.22764	
0.27080	0.50776	0.08985	0.13159	
0.19776	0.47849	0.13013	0.19362	
0.20061	0.47372	0.13027	0.19540	
0.12708	0.66060	0.08302	0.12930	
>ZNF500_ZNF500_S_cluster_2_G20_M5_C2 /name=cluster_2_G20_M5_C2 /info=1.179 /gc_content=0.860 /consensus=CSSGCGC /size=7 
0.03691	0.78495	0.05678	0.12136	
0.00497	0.25124	0.73527	0.00852	
0.00923	0.34493	0.62881	0.01703	
0.20156	0.01632	0.56352	0.21859	
0.00000	1.00000	0.00000	0.00000	
0.00000	0.00000	1.00000	0.00000	
0.16537	0.40951	0.23066	0.19446	
>ZNF286B_ZNF286B_H_cluster_6_G20_M2_C8 /name=cluster_6_G20_M2_C8 /info=1.946 /gc_content=0.602 /consensus=TAACGCGCBK /size=10 
0.03159	0.02660	0.20677	0.73504	
0.91647	0.00264	0.00029	0.08059	
0.89867	0.10133	0.00000	0.00000	
0.00000	0.96195	0.00000	0.03805	
0.00000	0.00000	1.00000	0.00000	
0.00323	0.99677	0.00000	0.00000	
0.00000	0.00000	1.00000	0.00000	
0.15356	0.53502	0.18457	0.12686	
0.15258	0.30624	0.27602	0.26516	
0.20677	0.09644	0.32091	0.37588	
>ZNF20_ZNF20_C_cluster_1_node_3_2motifs /name=cluster_1_node_3_2motifs /info=5.954 /gc_content=0.495 /consensus=AAAGTACACTCCACAGAGTGGGAGYR /size=26 
0.88298	0.06383	0.01064	0.04255	
0.95745	0.02128	0.01064	0.01064	
0.89506	0.08642	0.01235	0.00617	
0.00617	0.00000	0.91358	0.08025	
0.00617	0.03704	0.00617	0.95062	
0.94444	0.02469	0.01235	0.01852	
0.00000	0.94444	0.00000	0.05556	
0.90741	0.01852	0.02469	0.04938	
0.00000	0.95062	0.00000	0.04938	
0.01235	0.00000	0.00617	0.98148	
0.00000	0.98148	0.00617	0.01235	
0.00000	0.89506	0.00000	0.10494	
0.87654	0.00617	0.09877	0.01852	
0.01235	0.83333	0.03704	0.11728	
0.87037	0.00000	0.12346	0.00617	
0.02469	0.01852	0.93210	0.02469	
0.78395	0.00000	0.17901	0.03704	
0.02469	0.01852	0.95679	0.00000	
0.00617	0.06790	0.01852	0.90741	
0.08025	0.01235	0.88272	0.02469	
0.07407	0.02469	0.77160	0.12963	
0.14815	0.05556	0.78395	0.01235	
0.85185	0.09877	0.03704	0.01235	
0.01852	0.01852	0.89506	0.06790	
0.00000	0.52941	0.02941	0.44118	
0.44118	0.02941	0.38235	0.14706	
>ZNF648_ZNF648_C_cluster_2 /name=cluster_2 /info=2.293 /gc_content=0.744 /consensus=SSGGGRAGGGGAGCCSSG /size=18 
0.14536	0.30485	0.43203	0.11777	
0.17058	0.26865	0.44245	0.11833	
0.16544	0.23952	0.47127	0.12378	
0.13811	0.16196	0.61366	0.08627	
0.05894	0.06363	0.82773	0.04970	
0.25399	0.08011	0.61232	0.05358	
0.66698	0.08091	0.21018	0.04193	
0.02277	0.03992	0.92177	0.01554	
0.03429	0.06309	0.87877	0.02384	
0.02599	0.02733	0.92592	0.02076	
0.03336	0.03550	0.92190	0.00924	
0.88694	0.06725	0.02760	0.01822	
0.02076	0.04488	0.91842	0.01594	
0.23510	0.56021	0.15579	0.04889	
0.07595	0.62304	0.22639	0.07461	
0.14267	0.31802	0.37053	0.16879	
0.15866	0.26812	0.47071	0.10252	
0.17245	0.24594	0.47789	0.10372	
>MSANTD1_MSANTD1_P_oligos_6-7nt_m2_G20_M2_C4 /name=oligos_6-7nt_m2_G20_M2_C4 /info=1.689 /gc_content=0.305 /consensus=DTGMAYTTAWRWRYAWW /size=17 
0.25000	0.12500	0.34375	0.28125	
0.17804	0.17804	0.13353	0.51039	
0.12500	0.18750	0.56250	0.12500	
0.37234	0.49256	0.00000	0.13510	
0.84375	0.00000	0.03125	0.12500	
0.01767	0.47733	0.01767	0.48733	
0.19718	0.00000	0.06253	0.74029	
0.05556	0.00000	0.00000	0.94444	
0.94457	0.00573	0.03071	0.01899	
0.70485	0.02349	0.00000	0.27166	
0.37500	0.06250	0.50000	0.06250	
0.50000	0.06250	0.03125	0.40625	
0.31630	0.14650	0.43953	0.09767	
0.21690	0.28921	0.19280	0.30109	
0.56419	0.08301	0.18678	0.16602	
0.34321	0.14809	0.11518	0.39352	
0.42390	0.07201	0.19203	0.31206	
>USF3_USF3_C_cluster_1_node_1_2motifs /name=cluster_1_node_1_2motifs /info=2.327 /gc_content=0.744 /consensus=GCCCACGTGGGC /size=12 
0.16999	0.24989	0.45518	0.12494	
0.09258	0.68357	0.15844	0.06541	
0.05478	0.83386	0.06519	0.04617	
0.01539	0.95609	0.01766	0.01086	
0.92621	0.01517	0.03961	0.01901	
0.00226	0.97374	0.01766	0.00634	
0.00634	0.01766	0.97374	0.00226	
0.01901	0.03961	0.01517	0.92621	
0.01086	0.01766	0.95632	0.01517	
0.04640	0.06564	0.83273	0.05523	
0.06519	0.15912	0.68311	0.09258	
0.12494	0.45564	0.24921	0.17021	
>MYPOP_MYPOP_P_oligos_6-7nt_m3 /name=oligos_6-7nt_m3 /info=1.987 /gc_content=0.570 /consensus=MMDATTGCGCCGMDR /size=15 
0.28302	0.28302	0.20755	0.22642	
0.25472	0.27358	0.23585	0.23585	
0.27358	0.15094	0.31132	0.26415	
0.60377	0.11321	0.09434	0.18868	
0.01887	0.04717	0.00943	0.92453	
0.05660	0.00000	0.00943	0.93397	
0.00943	0.00000	0.99057	0.00000	
0.00000	0.99057	0.00000	0.00943	
0.00000	0.00000	1.00000	0.00000	
0.01887	0.96226	0.00000	0.01887	
0.09434	0.76415	0.02830	0.11321	
0.19811	0.22642	0.39623	0.17925	
