AC  MYPOP_MYPOP_H_cluster_3_G20_M1_C5
XX
ID  cluster_3_G20_M1_C5
XX
DE  cgTTAGCGwTwGCGyy
P0           a         c         g         t
1      0.36187   0.46864   0.09545   0.07405
2      0.13218   0.07633   0.66059   0.13090
3      0.13575   0.02068   0.02784   0.81573
4      0.00525   0.01217   0.00324   0.97934
5      0.87511   0.00249   0.00328   0.11912
6      0.08135   0.00846   0.90540   0.00479
7      0.00000   1.00000   0.00000   0.00000
8      0.00000   0.00000   1.00000   0.00000
9      0.01878   0.95616   0.00058   0.02448
10     0.00346   0.05982   0.00425   0.93247
11     0.55306   0.01320   0.15393   0.27981
12     0.47837   0.01313   0.45860   0.04991
13     0.00856   0.94914   0.03733   0.00496
14     0.00925   0.01037   0.97525   0.00513
15     0.06639   0.44121   0.26309   0.22931
16     0.19882   0.24089   0.17581   0.38448
XX
CC  residue_type: 
CC  program: transfac
CC  matrix.nb: 1
CC  accession: MYPOP_MYPOP_H_cluster_3_G20_M1_C5
CC  AC: MYPOP_MYPOP_H_cluster_3_G20_M1_C5
CC  id: MYPOP_MYPOP_H_cluster_3_G20_M1_C5
CC  name: cluster_3_G20_M1_C5
CC  version: 
CC  name: cluster_3_G20_M1_C5
CC  description: cgTTAGCGwTwGCGyy
CC  transfac_consensus: 
CC  matrix.nb: 1
XX
//
AC  MYF6_MYF6_G_cluster_1_node_6_3motifs_G20_M1_C3
XX
ID  cluster_1_node_6_3motifs_G20_M1_C3
XX
DE  -sgyGtCAsCTGTTcyb-
P0           a         c         g         t
1      0.13163   0.07115   0.65520   0.14201
2      0.43641   0.04595   0.26920   0.24844
3      0.00415   0.98607   0.00356   0.00623
4      0.86007   0.00652   0.12630   0.00712
5      0.07738   0.47139   0.31456   0.13667
6      0.01423   0.79958   0.17551   0.01067
7      0.00000   0.00000   0.00000   1.00000
8      0.00000   0.00000   1.00000   0.00000
9      0.03824   0.03854   0.00800   0.91521
10     0.00771   0.34480   0.11770   0.52980
11     0.10021   0.55529   0.23036   0.11414
XX
CC  residue_type: 
CC  program: transfac
CC  matrix.nb: 2
CC  accession: MYF6_MYF6_G_cluster_1_node_6_3motifs_G20_M1_C3
CC  AC: MYF6_MYF6_G_cluster_1_node_6_3motifs_G20_M1_C3
CC  id: MYF6_MYF6_G_cluster_1_node_6_3motifs_G20_M1_C3
CC  name: cluster_1_node_6_3motifs_G20_M1_C3
CC  version: 
CC  name: cluster_1_node_6_3motifs_G20_M1_C3
CC  description: -sgyGtCAsCTGTTcyb-
CC  transfac_consensus: 
CC  matrix.nb: 2
XX
//
AC  USF3_USF3_G_cluster_1_node_7_3motifs_G18_M2_C4
XX
ID  cluster_1_node_7_3motifs_G18_M2_C4
XX
DE  ---ssggcCCACGTGrycyss--------
P0           a         c         g         t
1      0.35696   0.26694   0.30015   0.07595
2      0.29483   0.50576   0.18305   0.01637
3      0.03980   0.88560   0.01176   0.06284
4      0.00000   1.00000   0.00000   0.00000
5      0.98634   0.00350   0.00636   0.00381
6      0.00143   0.99174   0.00286   0.00397
7      0.00397   0.00318   0.99198   0.00087
8      0.00238   0.11965   0.00381   0.87416
9      0.00064   0.03083   0.96790   0.00064
10     0.28720   0.04957   0.59498   0.06825
11     0.01780   0.55533   0.23977   0.18710
12     0.16080   0.54318   0.14245   0.15357
XX
CC  residue_type: 
CC  program: transfac
CC  matrix.nb: 3
CC  accession: USF3_USF3_G_cluster_1_node_7_3motifs_G18_M2_C4
CC  AC: USF3_USF3_G_cluster_1_node_7_3motifs_G18_M2_C4
CC  id: USF3_USF3_G_cluster_1_node_7_3motifs_G18_M2_C4
CC  name: cluster_1_node_7_3motifs_G18_M2_C4
CC  version: 
CC  name: cluster_1_node_7_3motifs_G18_M2_C4
CC  description: ---ssggcCCACGTGrycyss--------
CC  transfac_consensus: 
CC  matrix.nb: 3
XX
//
AC  ZNF395_ZNF395_G_cluster_1_G20_M5_C7
XX
ID  cluster_1_G20_M5_C7
XX
DE  ssssCCGGCCGGCmssss
P0           a         c         g         t
1      0.09780   0.30318   0.50856   0.09046
2      0.10497   0.53468   0.24739   0.11295
3      0.10589   0.44731   0.27273   0.17407
4      0.11851   0.25195   0.57223   0.05731
5      0.05123   0.73925   0.17356   0.03596
6      0.03214   0.86762   0.07995   0.02029
7      0.37485   0.10104   0.38449   0.13961
8      0.19727   0.02149   0.78043   0.00080
9      0.11772   0.85998   0.01788   0.00442
10     0.00000   1.00000   0.00000   0.00000
11     0.00000   0.00000   1.00000   0.00000
12     0.20731   0.06609   0.61169   0.11491
13     0.03495   0.76095   0.12616   0.07794
14     0.31429   0.42736   0.17477   0.08359
15     0.09240   0.39970   0.38875   0.11915
16     0.28309   0.21063   0.31836   0.18792
17     0.07290   0.22991   0.59346   0.10374
18     0.24579   0.27009   0.40187   0.08224
XX
CC  residue_type: 
CC  program: transfac
CC  matrix.nb: 4
CC  accession: ZNF395_ZNF395_G_cluster_1_G20_M5_C7
CC  AC: ZNF395_ZNF395_G_cluster_1_G20_M5_C7
CC  id: ZNF395_ZNF395_G_cluster_1_G20_M5_C7
CC  name: cluster_1_G20_M5_C7
CC  version: 
CC  name: cluster_1_G20_M5_C7
CC  description: ssssCCGGCCGGCmssss
CC  transfac_consensus: 
CC  matrix.nb: 4
XX
//
AC  USF3_USF3_G_cluster_1_node_7_3motifs
XX
ID  cluster_1_node_7_3motifs
XX
DE  ---ssggcCCACGTGrycyss--------
P0           a         c         g         t
1      0.18956   0.19504   0.49082   0.12457
2      0.20275   0.57170   0.20696   0.01859
3      0.03980   0.88560   0.01176   0.06284
4      0.00199   0.99333   0.00254   0.00215
5      0.98634   0.00350   0.00636   0.00381
6      0.00143   0.99174   0.00286   0.00397
7      0.00397   0.00318   0.99198   0.00087
8      0.00278   0.00604   0.00437   0.98681
9      0.00207   0.00477   0.99102   0.00215
10     0.28720   0.04957   0.59498   0.06825
11     0.03035   0.43736   0.21347   0.31882
12     0.10400   0.57988   0.15214   0.16398
XX
CC  residue_type: 
CC  program: transfac
CC  matrix.nb: 5
CC  accession: USF3_USF3_G_cluster_1_node_7_3motifs
CC  AC: USF3_USF3_G_cluster_1_node_7_3motifs
CC  id: USF3_USF3_G_cluster_1_node_7_3motifs
CC  name: cluster_1_node_7_3motifs
CC  version: 
CC  name: cluster_1_node_7_3motifs
CC  description: ---ssggcCCACGTGrycyss--------
CC  transfac_consensus: 
CC  matrix.nb: 5
XX
//
AC  ZNF395_ZNF395_C_cluster_2_G20_M2_C3
XX
ID  cluster_2_G20_M2_C3
XX
DE  sssssCCCCGsCCcssCCCsscCss
P0           a         c         g         t
1      0.07468   0.55844   0.28247   0.08442
2      0.05344   0.71756   0.16031   0.06870
3      0.09557   0.47094   0.32544   0.10805
4      0.12914   0.46535   0.32329   0.08222
5      0.17434   0.30822   0.44899   0.06845
6      0.02626   0.69479   0.24839   0.03056
7      0.00517   0.56651   0.01980   0.40852
8      0.01507   0.89884   0.07232   0.01378
9      0.01464   0.72062   0.25140   0.01334
10     0.00000   0.00000   1.00000   0.00000
11     0.01205   0.58201   0.28971   0.11623
12     0.00904   0.51700   0.46578   0.00818
13     0.00904   0.62505   0.34740   0.01851
14     0.03056   0.54671   0.11795   0.30478
15     0.05941   0.59363   0.26733   0.07964
16     0.07921   0.32802   0.23676   0.35601
17     0.03285   0.77926   0.13552   0.05236
18     0.04107   0.72895   0.12218   0.10780
19     0.04723   0.71458   0.16324   0.07495
20     0.04209   0.41684   0.35626   0.18480
21     0.07187   0.49897   0.27823   0.15092
22     0.01781   0.73028   0.09415   0.15776
23     0.08380   0.68156   0.17877   0.05587
24     0.09497   0.51955   0.26257   0.12291
XX
CC  residue_type: 
CC  program: transfac
CC  matrix.nb: 6
CC  accession: ZNF395_ZNF395_C_cluster_2_G20_M2_C3
CC  AC: ZNF395_ZNF395_C_cluster_2_G20_M2_C3
CC  id: ZNF395_ZNF395_C_cluster_2_G20_M2_C3
CC  name: cluster_2_G20_M2_C3
CC  version: 
CC  name: cluster_2_G20_M2_C3
CC  description: sssssCCCCGsCCcssCCCsscCss
CC  transfac_consensus: 
CC  matrix.nb: 6
XX
//
AC  ZNF831_ZNF831_H_cluster_1_G18_M2_C6
XX
ID  cluster_1_G18_M2_C6
XX
DE  GGAATcCCsgg
P0           a         c         g         t
1      0.01693   0.00954   0.96967   0.00386
2      0.02763   0.01588   0.92355   0.03294
3      0.58431   0.00325   0.35153   0.06092
4      0.61017   0.01004   0.02067   0.35913
5      0.00138   0.15697   0.00384   0.83782
6      0.10565   0.70440   0.05458   0.13537
7      0.01471   0.73659   0.11459   0.13411
8      0.00000   1.00000   0.00000   0.00000
9      0.01210   0.23420   0.74347   0.01023
10     0.18295   0.18938   0.44563   0.18204
11     0.24749   0.09187   0.52466   0.13599
XX
CC  residue_type: 
CC  program: transfac
CC  matrix.nb: 7
CC  accession: ZNF831_ZNF831_H_cluster_1_G18_M2_C6
CC  AC: ZNF831_ZNF831_H_cluster_1_G18_M2_C6
CC  id: ZNF831_ZNF831_H_cluster_1_G18_M2_C6
CC  name: cluster_1_G18_M2_C6
CC  version: 
CC  name: cluster_1_G18_M2_C6
CC  description: GGAATcCCsgg
CC  transfac_consensus: 
CC  matrix.nb: 7
XX
//
AC  MYPOP_MYPOP_H_cluster_3
XX
ID  cluster_3
XX
DE  cgTTAGCGwTwGCGyy
P0           a         c         g         t
1      0.17176   0.60824   0.12389   0.09611
2      0.13218   0.07633   0.66059   0.13090
3      0.07668   0.02209   0.02974   0.87149
4      0.00525   0.01217   0.00324   0.97934
5      0.87511   0.00249   0.00328   0.11912
6      0.08135   0.00846   0.90540   0.00479
7      0.00293   0.98869   0.00423   0.00415
8      0.00114   0.00176   0.99433   0.00276
9      0.37573   0.12287   0.01171   0.48969
10     0.00346   0.05982   0.00425   0.93247
11     0.44973   0.02424   0.01252   0.51351
12     0.03048   0.02667   0.93179   0.01106
13     0.00856   0.94914   0.03733   0.00496
14     0.00925   0.01037   0.97525   0.00513
15     0.10586   0.48677   0.04177   0.36560
16     0.06840   0.32481   0.08838   0.51841
XX
CC  residue_type: 
CC  program: transfac
CC  matrix.nb: 8
CC  accession: MYPOP_MYPOP_H_cluster_3
CC  AC: MYPOP_MYPOP_H_cluster_3
CC  id: MYPOP_MYPOP_H_cluster_3
CC  name: cluster_3
CC  version: 
CC  name: cluster_3
CC  description: cgTTAGCGwTwGCGyy
CC  transfac_consensus: 
CC  matrix.nb: 8
XX
//
AC  ZNF395_ZNF395_G_cluster_1
XX
ID  cluster_1
XX
DE  ssssCCGGCCGGCmssss
P0           a         c         g         t
1      0.12714   0.39120   0.36430   0.11736
2      0.13689   0.39472   0.32106   0.14733
3      0.13895   0.27531   0.35744   0.22831
4      0.11851   0.25195   0.57223   0.05731
5      0.05123   0.73925   0.17356   0.03596
6      0.03214   0.86762   0.07995   0.02029
7      0.01667   0.02873   0.86782   0.08678
8      0.00904   0.07995   0.90719   0.00382
9      0.00241   0.97208   0.02029   0.00522
10     0.00502   0.98172   0.00844   0.00482
11     0.00542   0.01105   0.97690   0.00663
12     0.01406   0.09542   0.88027   0.01025
13     0.03495   0.76095   0.12616   0.07794
14     0.31429   0.42736   0.17477   0.08359
15     0.09240   0.39970   0.38875   0.11915
16     0.07729   0.27150   0.40918   0.24203
17     0.11028   0.34486   0.38785   0.15701
18     0.16542   0.37664   0.34206   0.11589
XX
CC  residue_type: 
CC  program: transfac
CC  matrix.nb: 9
CC  accession: ZNF395_ZNF395_G_cluster_1
CC  AC: ZNF395_ZNF395_G_cluster_1
CC  id: ZNF395_ZNF395_G_cluster_1
CC  name: cluster_1
CC  version: 
CC  name: cluster_1
CC  description: ssssCCGGCCGGCmssss
CC  transfac_consensus: 
CC  matrix.nb: 9
XX
//
AC  ZBTB47_ZBTB47_H_cluster_1_node_7_2motifs_G20_M1_C7
XX
ID  cluster_1_node_7_2motifs_G20_M1_C7
XX
DE  ------TTAACCCTTtCry
P0           a         c         g         t
1      0.02088   0.04285   0.02038   0.91590
2      0.06913   0.01612   0.00865   0.90610
3      0.96620   0.01602   0.00557   0.01222
4      0.88939   0.10310   0.00291   0.00460
5      0.00000   1.00000   0.00000   0.00000
6      0.00101   0.19834   0.79762   0.00303
7      0.00487   0.87125   0.12084   0.00304
8      0.03727   0.15234   0.14889   0.66149
9      0.03832   0.23935   0.02200   0.70033
10     0.08016   0.41928   0.05192   0.44864
11     0.21943   0.60258   0.16961   0.00838
12     0.27831   0.37024   0.29552   0.05593
13     0.09624   0.32722   0.27423   0.30231
XX
CC  residue_type: 
CC  program: transfac
CC  matrix.nb: 10
CC  accession: ZBTB47_ZBTB47_H_cluster_1_node_7_2motifs_G20_M1_C7
CC  AC: ZBTB47_ZBTB47_H_cluster_1_node_7_2motifs_G20_M1_C7
CC  id: ZBTB47_ZBTB47_H_cluster_1_node_7_2motifs_G20_M1_C7
CC  name: cluster_1_node_7_2motifs_G20_M1_C7
CC  version: 
CC  name: cluster_1_node_7_2motifs_G20_M1_C7
CC  description: ------TTAACCCTTtCry
CC  transfac_consensus: 
CC  matrix.nb: 10
XX
//
AC  PRDM13_PRDM13_G_cluster_1_node_6_5motifs_G20_M4_C5
XX
ID  cluster_1_node_6_5motifs_G20_M4_C5
XX
DE  ---ggssggsAGCAGGTGGcmkggs-----
P0           a         c         g         t
1      0.17025   0.19713   0.46057   0.17204
2      0.14231   0.36692   0.33615   0.15462
3      0.23419   0.24875   0.39684   0.12022
4      0.31739   0.39684   0.16389   0.12188
5      0.20034   0.17665   0.42504   0.19797
6      0.15499   0.27716   0.44636   0.12149
7      0.09543   0.53333   0.27107   0.10017
8      0.51269   0.01049   0.07343   0.40338
9      0.26261   0.00609   0.73096   0.00034
10     0.00305   0.98003   0.00948   0.00745
11     0.64162   0.00372   0.16108   0.19357
12     0.01015   0.00271   0.98376   0.00338
13     0.00000   0.00000   1.00000   0.00000
14     0.00000   0.00000   0.00000   1.00000
15     0.02132   0.01049   0.96108   0.00711
16     0.04298   0.02132   0.91844   0.01726
17     0.02200   0.75871   0.10558   0.11371
18     0.31946   0.23892   0.34856   0.09306
19     0.16717   0.17327   0.44839   0.21117
20     0.12690   0.30660   0.37936   0.18714
21     0.31385   0.13462   0.42077   0.13077
XX
CC  residue_type: 
CC  program: transfac
CC  matrix.nb: 11
CC  accession: PRDM13_PRDM13_G_cluster_1_node_6_5motifs_G20_M4_C5
CC  AC: PRDM13_PRDM13_G_cluster_1_node_6_5motifs_G20_M4_C5
CC  id: PRDM13_PRDM13_G_cluster_1_node_6_5motifs_G20_M4_C5
CC  name: cluster_1_node_6_5motifs_G20_M4_C5
CC  version: 
CC  name: cluster_1_node_6_5motifs_G20_M4_C5
CC  description: ---ggssggsAGCAGGTGGcmkggs-----
CC  transfac_consensus: 
CC  matrix.nb: 11
XX
//
AC  ZNF518B_ZNF518B_G_cluster_1_node_1_2motifs_G20_M4_C5
XX
ID  cluster_1_node_1_2motifs_G20_M4_C5
XX
DE  ----CCTAATAGACATCTACAGAACTCT
P0           a         c         g         t
1      0.06941   0.58424   0.24223   0.10412
2      0.07737   0.75705   0.06797   0.09761
3      0.05278   0.11931   0.03543   0.79248
4      0.46421   0.07664   0.39479   0.06435
5      0.17715   0.00000   0.82285   0.00000
6      0.00000   0.00000   0.00000   1.00000
7      0.98915   0.00072   0.01012   0.00000
8      0.00000   0.00000   1.00000   0.00000
9      0.75922   0.00072   0.23572   0.00434
10     0.07014   0.61316   0.15546   0.16124
11     0.84454   0.03543   0.05785   0.06218
12     0.00795   0.25958   0.00217   0.73030
13     0.00072   0.99783   0.00145   0.00000
14     0.00000   0.00362   0.00145   0.99494
15     1.00000   0.00000   0.00000   0.00000
16     0.00072   0.98771   0.00072   0.01085
17     0.66667   0.01591   0.22632   0.09111
18     0.05785   0.04917   0.86623   0.02675
19     0.89949   0.03688   0.03181   0.03181
20     0.87925   0.03326   0.04555   0.04194
21     0.05423   0.81634   0.02892   0.10051
22     0.06074   0.20969   0.27115   0.45842
23     0.05206   0.63196   0.23572   0.08026
24     0.04049   0.26103   0.22704   0.47144
XX
CC  residue_type: 
CC  program: transfac
CC  matrix.nb: 12
CC  accession: ZNF518B_ZNF518B_G_cluster_1_node_1_2motifs_G20_M4_C5
CC  AC: ZNF518B_ZNF518B_G_cluster_1_node_1_2motifs_G20_M4_C5
CC  id: ZNF518B_ZNF518B_G_cluster_1_node_1_2motifs_G20_M4_C5
CC  name: cluster_1_node_1_2motifs_G20_M4_C5
CC  version: 
CC  name: cluster_1_node_1_2motifs_G20_M4_C5
CC  description: ----CCTAATAGACATCTACAGAACTCT
CC  transfac_consensus: 
CC  matrix.nb: 12
XX
//
AC  TPRX1_TPRX1_H_cluster_1_node_3_2motifs_G20_M4_C7
XX
ID  cluster_1_node_3_2motifs_G20_M4_C7
XX
DE  -------aTAATCsGATTAwCGkatt
P0           a         c         g         t
1      0.03475   0.02168   0.26719   0.67638
2      0.79006   0.01807   0.02704   0.16483
3      0.90648   0.01961   0.02706   0.04686
4      0.13029   0.13844   0.05589   0.67538
5      0.03414   0.94116   0.02007   0.00463
6      0.00990   0.48863   0.49697   0.00450
7      0.00085   0.00234   0.99437   0.00244
8      0.62812   0.09293   0.19476   0.08419
9      0.00000   0.00000   0.00000   1.00000
10     0.26570   0.00978   0.00425   0.72026
11     0.99501   0.00058   0.00119   0.00321
12     0.16724   0.02880   0.30012   0.50384
13     0.00471   0.88277   0.10962   0.00289
14     0.03531   0.12389   0.79840   0.04240
15     0.08355   0.09496   0.60792   0.21357
16     0.64867   0.11020   0.10149   0.13964
17     0.18965   0.13899   0.15329   0.51806
18     0.11751   0.12637   0.22336   0.53276
XX
CC  residue_type: 
CC  program: transfac
CC  matrix.nb: 13
CC  accession: TPRX1_TPRX1_H_cluster_1_node_3_2motifs_G20_M4_C7
CC  AC: TPRX1_TPRX1_H_cluster_1_node_3_2motifs_G20_M4_C7
CC  id: TPRX1_TPRX1_H_cluster_1_node_3_2motifs_G20_M4_C7
CC  name: cluster_1_node_3_2motifs_G20_M4_C7
CC  version: 
CC  name: cluster_1_node_3_2motifs_G20_M4_C7
CC  description: -------aTAATCsGATTAwCGkatt
CC  transfac_consensus: 
CC  matrix.nb: 13
XX
//
AC  ZBTB47_ZBTB47_H_cluster_1_node_7_2motifs
XX
ID  cluster_1_node_7_2motifs
XX
DE  ------TTAACCCTTtCry
P0           a         c         g         t
1      0.02088   0.04285   0.02038   0.91590
2      0.17915   0.04178   0.02242   0.75664
3      0.96620   0.01602   0.00557   0.01222
4      0.81744   0.17016   0.00481   0.00759
5      0.00172   0.99011   0.00339   0.00478
6      0.00499   0.97688   0.00320   0.01492
7      0.00554   0.98977   0.00123   0.00346
8      0.04287   0.17522   0.02106   0.76084
9      0.04799   0.04754   0.02755   0.87693
10     0.11086   0.19689   0.07181   0.62044
11     0.04008   0.93705   0.00928   0.01359
12     0.33628   0.23890   0.35711   0.06771
13     0.13791   0.26608   0.16486   0.43116
XX
CC  residue_type: 
CC  program: transfac
CC  matrix.nb: 14
CC  accession: ZBTB47_ZBTB47_H_cluster_1_node_7_2motifs
CC  AC: ZBTB47_ZBTB47_H_cluster_1_node_7_2motifs
CC  id: ZBTB47_ZBTB47_H_cluster_1_node_7_2motifs
CC  name: cluster_1_node_7_2motifs
CC  version: 
CC  name: cluster_1_node_7_2motifs
CC  description: ------TTAACCCTTtCry
CC  transfac_consensus: 
CC  matrix.nb: 14
XX
//
AC  ZNF493_ZNF493_G_cluster_1_node_3_2motifs_G20_M4_C2
XX
ID  cluster_1_node_3_2motifs_G20_M4_C2
XX
DE  srgcacCCAGvmCAGTkCCCaymc-
P0           a         c         g         t
1      0.20160   0.34240   0.26400   0.19200
2      0.11040   0.24000   0.51200   0.13760
3      0.10880   0.78880   0.04160   0.06080
4      0.56800   0.16320   0.13440   0.13440
5      0.07200   0.46080   0.20320   0.26400
6      0.04160   0.91200   0.03360   0.01280
7      0.02080   0.74240   0.16160   0.07520
8      0.62080   0.17920   0.12320   0.07680
9      0.06720   0.03520   0.74400   0.15360
10     0.35840   0.33600   0.28800   0.01760
11     0.05600   0.92640   0.00000   0.01760
12     0.00160   0.96000   0.00480   0.03360
13     0.65760   0.20480   0.13760   0.00000
14     0.00640   0.00000   0.99360   0.00000
15     0.00000   0.00000   0.00000   1.00000
16     0.02080   0.02560   0.80320   0.15040
17     0.00000   1.00000   0.00000   0.00000
18     0.16160   0.82240   0.00160   0.01440
19     0.00480   0.91840   0.00480   0.07200
20     0.61440   0.08160   0.14080   0.16320
XX
CC  residue_type: 
CC  program: transfac
CC  matrix.nb: 15
CC  accession: ZNF493_ZNF493_G_cluster_1_node_3_2motifs_G20_M4_C2
CC  AC: ZNF493_ZNF493_G_cluster_1_node_3_2motifs_G20_M4_C2
CC  id: ZNF493_ZNF493_G_cluster_1_node_3_2motifs_G20_M4_C2
CC  name: cluster_1_node_3_2motifs_G20_M4_C2
CC  version: 
CC  name: cluster_1_node_3_2motifs_G20_M4_C2
CC  description: srgcacCCAGvmCAGTkCCCaymc-
CC  transfac_consensus: 
CC  matrix.nb: 15
XX
//
AC  LEUTX_LEUTX_G_cluster_1_node_5_4motifs_G20_M5_C4
XX
ID  cluster_1_node_5_4motifs_G20_M5_C4
XX
DE  wdwywwrwrkGGATTAwmwkwrww
P0           a         c         g         t
1      0.40975   0.10232   0.28977   0.19816
2      0.23785   0.11500   0.35406   0.29309
3      0.25309   0.20495   0.34923   0.19273
4      0.19967   0.04014   0.49879   0.26139
5      0.05750   0.07682   0.85693   0.00875
6      0.00000   0.00000   1.00000   0.00000
7      0.99094   0.00181   0.00211   0.00513
8      0.00045   0.00136   0.00106   0.99713
9      0.02007   0.00226   0.00060   0.97706
10     1.00000   0.00000   0.00000   0.00000
11     0.53154   0.05011   0.11711   0.30124
12     0.11953   0.72050   0.05660   0.10338
13     0.27377   0.29022   0.19046   0.24555
XX
CC  residue_type: 
CC  program: transfac
CC  matrix.nb: 16
CC  accession: LEUTX_LEUTX_G_cluster_1_node_5_4motifs_G20_M5_C4
CC  AC: LEUTX_LEUTX_G_cluster_1_node_5_4motifs_G20_M5_C4
CC  id: LEUTX_LEUTX_G_cluster_1_node_5_4motifs_G20_M5_C4
CC  name: cluster_1_node_5_4motifs_G20_M5_C4
CC  version: 
CC  name: cluster_1_node_5_4motifs_G20_M5_C4
CC  description: wdwywwrwrkGGATTAwmwkwrww
CC  transfac_consensus: 
CC  matrix.nb: 16
XX
//
AC  SALL3_SALL3_G_cluster_1_G20_M1_C6
XX
ID  cluster_1_G20_M1_C6
XX
DE  wwwwwwwgAAATACATATTTywwwww
P0           a         c         g         t
1      0.32531   0.30202   0.11491   0.25776
2      0.24534   0.22127   0.15217   0.38121
3      0.40628   0.28009   0.08200   0.23163
4      0.24654   0.39350   0.13259   0.22737
5      0.20554   0.32588   0.09212   0.37646
6      0.24147   0.14408   0.36535   0.24910
7      0.77424   0.04713   0.07047   0.10817
8      0.63196   0.03276   0.10413   0.23115
9      0.86715   0.00359   0.02469   0.10458
10     0.02154   0.00763   0.00718   0.96364
11     0.68043   0.20781   0.00673   0.10503
12     0.00000   1.00000   0.00000   0.00000
13     0.68088   0.00135   0.31732   0.00045
14     0.00180   0.05655   0.00000   0.94165
15     0.94300   0.00943   0.00269   0.04488
16     0.10637   0.14946   0.00449   0.73968
17     0.02558   0.02693   0.02199   0.92549
18     0.01032   0.10907   0.03546   0.84515
19     0.10592   0.54443   0.07765   0.27199
XX
CC  residue_type: 
CC  program: transfac
CC  matrix.nb: 17
CC  accession: SALL3_SALL3_G_cluster_1_G20_M1_C6
CC  AC: SALL3_SALL3_G_cluster_1_G20_M1_C6
CC  id: SALL3_SALL3_G_cluster_1_G20_M1_C6
CC  name: cluster_1_G20_M1_C6
CC  version: 
CC  name: cluster_1_G20_M1_C6
CC  description: wwwwwwwgAAATACATATTTywwwww
CC  transfac_consensus: 
CC  matrix.nb: 17
XX
//
AC  ZNF831_ZNF831_H_cluster_1
XX
ID  cluster_1
XX
DE  GGAATcCCsgg
P0           a         c         g         t
1      0.09154   0.05158   0.83596   0.02091
2      0.11192   0.06436   0.69027   0.13344
3      0.97284   0.00541   0.01916   0.00258
4      0.80460   0.01324   0.02725   0.15491
5      0.00473   0.02006   0.01318   0.96204
6      0.01516   0.67064   0.09029   0.22392
7      0.01623   0.81308   0.02265   0.14804
8      0.00872   0.97743   0.00848   0.00538
9      0.08734   0.25371   0.58513   0.07381
10     0.18295   0.18938   0.44563   0.18204
11     0.24749   0.09187   0.52466   0.13599
XX
CC  residue_type: 
CC  program: transfac
CC  matrix.nb: 18
CC  accession: ZNF831_ZNF831_H_cluster_1
CC  AC: ZNF831_ZNF831_H_cluster_1
CC  id: ZNF831_ZNF831_H_cluster_1
CC  name: cluster_1
CC  version: 
CC  name: cluster_1
CC  description: GGAATcCCsgg
CC  transfac_consensus: 
CC  matrix.nb: 18
XX
//
AC  ZNF395_ZNF395_C_cluster_2
XX
ID  cluster_2
XX
DE  sssssCCCCGsCCcssCCCsscCss
P0           a         c         g         t
1      0.07468   0.55844   0.28247   0.08442
2      0.09415   0.50636   0.27990   0.11959
3      0.09557   0.47094   0.32544   0.10805
4      0.12914   0.46535   0.32329   0.08222
5      0.06070   0.35041   0.51055   0.07835
6      0.02626   0.69479   0.24839   0.03056
7      0.00904   0.93500   0.03315   0.02282
8      0.01507   0.89884   0.07232   0.01378
9      0.01808   0.88808   0.07706   0.01679
10     0.03616   0.07318   0.85622   0.03444
11     0.01378   0.65088   0.32372   0.01162
12     0.01722   0.91907   0.04821   0.01550
13     0.01378   0.90831   0.05037   0.02755
14     0.03745   0.66724   0.14421   0.15110
15     0.05941   0.59363   0.26733   0.07964
16     0.10073   0.41713   0.30133   0.18080
17     0.03285   0.77926   0.13552   0.05236
18     0.04107   0.72895   0.12218   0.10780
19     0.04723   0.71458   0.16324   0.07495
20     0.05544   0.53799   0.29979   0.10678
21     0.07187   0.49897   0.27823   0.15092
22     0.04580   0.62087   0.22901   0.10433
23     0.08380   0.68156   0.17877   0.05587
24     0.09497   0.51955   0.26257   0.12291
XX
CC  residue_type: 
CC  program: transfac
CC  matrix.nb: 19
CC  accession: ZNF395_ZNF395_C_cluster_2
CC  AC: ZNF395_ZNF395_C_cluster_2
CC  id: ZNF395_ZNF395_C_cluster_2
CC  name: cluster_2
CC  version: 
CC  name: cluster_2
CC  description: sssssCCCCGsCCcssCCCsscCss
CC  transfac_consensus: 
CC  matrix.nb: 19
XX
//
AC  TPRX1_TPRX1_H_cluster_1_node_3_2motifs
XX
ID  cluster_1_node_3_2motifs
XX
DE  -------aTAATCsGATTAwCGkatt
P0           a         c         g         t
1      0.04551   0.02840   0.04041   0.88568
2      0.79006   0.01807   0.02704   0.16483
3      0.90648   0.01961   0.02706   0.04686
4      0.14743   0.02506   0.06325   0.76425
5      0.08028   0.86162   0.04720   0.01090
6      0.02568   0.29113   0.67151   0.01169
7      0.00085   0.00234   0.99437   0.00244
8      0.98561   0.01064   0.00080   0.00296
9      0.00057   0.00062   0.00068   0.99813
10     0.03062   0.01292   0.00562   0.95084
11     0.99501   0.00058   0.00119   0.00321
12     0.36257   0.06244   0.15801   0.41697
13     0.07049   0.77061   0.11553   0.04337
14     0.09088   0.09035   0.70968   0.10909
15     0.11712   0.13311   0.45041   0.29936
16     0.48666   0.16102   0.14829   0.20404
17     0.18965   0.13899   0.15329   0.51806
18     0.13397   0.14406   0.11466   0.60731
XX
CC  residue_type: 
CC  program: transfac
CC  matrix.nb: 20
CC  accession: TPRX1_TPRX1_H_cluster_1_node_3_2motifs
CC  AC: TPRX1_TPRX1_H_cluster_1_node_3_2motifs
CC  id: TPRX1_TPRX1_H_cluster_1_node_3_2motifs
CC  name: cluster_1_node_3_2motifs
CC  version: 
CC  name: cluster_1_node_3_2motifs
CC  description: -------aTAATCsGATTAwCGkatt
CC  transfac_consensus: 
CC  matrix.nb: 20
XX
//
AC  ZNF648_ZNF648_G_cluster_2_G20_M4_C6
XX
ID  cluster_2_G20_M4_C6
XX
DE  cccCcsyCTCCCCTCCyyccccycc
P0           a         c         g         t
1      0.09137   0.48223   0.21827   0.20812
2      0.16056   0.65352   0.08169   0.10423
3      0.40000   0.29014   0.18028   0.12958
4      0.05634   0.72113   0.08732   0.13521
5      0.21408   0.36901   0.34648   0.07042
6      0.08451   0.28732   0.46761   0.16056
7      0.10986   0.10704   0.55211   0.23099
8      0.00000   0.94648   0.02254   0.03099
9      0.27042   0.05070   0.03944   0.63944
10     0.00845   0.87887   0.03662   0.07606
11     0.27887   0.67606   0.01972   0.02535
12     0.01972   0.85352   0.02535   0.10141
13     0.01690   0.91549   0.01690   0.05070
14     0.02535   0.34085   0.07606   0.55775
15     0.25915   0.41127   0.25915   0.07042
16     0.06479   0.80845   0.07042   0.05634
17     0.06479   0.42817   0.13803   0.36901
18     0.22254   0.40845   0.10986   0.25915
19     0.11831   0.58592   0.14648   0.14930
20     0.08732   0.58592   0.13803   0.18873
21     0.09859   0.60000   0.12676   0.17465
22     0.31013   0.48734   0.10127   0.10127
23     0.04430   0.40506   0.29114   0.25949
24     0.12025   0.51266   0.15823   0.20886
25     0.08228   0.54430   0.24051   0.13291
XX
CC  residue_type: 
CC  program: transfac
CC  matrix.nb: 21
CC  accession: ZNF648_ZNF648_G_cluster_2_G20_M4_C6
CC  AC: ZNF648_ZNF648_G_cluster_2_G20_M4_C6
CC  id: ZNF648_ZNF648_G_cluster_2_G20_M4_C6
CC  name: cluster_2_G20_M4_C6
CC  version: 
CC  name: cluster_2_G20_M4_C6
CC  description: cccCcsyCTCCCCTCCyyccccycc
CC  transfac_consensus: 
CC  matrix.nb: 21
XX
//
AC  ZNF367_ZNF367_G_cluster_1_node_9_10motifs_G20_M3_C4
XX
ID  cluster_1_node_9_10motifs_G20_M3_C4
XX
DE  ----wwkkkcCmTTTAAAtgkhmhrk
P0           a         c         g         t
1      0.05860   0.03162   0.77245   0.13733
2      0.10332   0.50060   0.32122   0.07486
3      0.06317   0.70878   0.15156   0.07648
4      0.36749   0.54835   0.01993   0.06423
5      0.00000   0.00000   0.00000   1.00000
6      0.00000   0.00000   0.00000   1.00000
7      0.00000   0.00000   0.00000   1.00000
8      0.91943   0.06916   0.00141   0.01000
9      0.99113   0.00570   0.00155   0.00162
10     0.66920   0.20354   0.00789   0.11937
11     0.07810   0.25819   0.22502   0.43869
12     0.12677   0.22495   0.51511   0.13318
XX
CC  residue_type: 
CC  program: transfac
CC  matrix.nb: 22
CC  accession: ZNF367_ZNF367_G_cluster_1_node_9_10motifs_G20_M3_C4
CC  AC: ZNF367_ZNF367_G_cluster_1_node_9_10motifs_G20_M3_C4
CC  id: ZNF367_ZNF367_G_cluster_1_node_9_10motifs_G20_M3_C4
CC  name: cluster_1_node_9_10motifs_G20_M3_C4
CC  version: 
CC  name: cluster_1_node_9_10motifs_G20_M3_C4
CC  description: ----wwkkkcCmTTTAAAtgkhmhrk
CC  transfac_consensus: 
CC  matrix.nb: 22
XX
//
AC  PRDM13_PRDM13_G_cluster_1_node_7_7motifs
XX
ID  cluster_1_node_7_7motifs
XX
DE  -scccytGCCACCTGCyscccsc---
P0           a         c         g         t
1      0.12004   0.12131   0.23988   0.51878
2      0.08949   0.13595   0.73142   0.04315
3      0.03240   0.85272   0.05594   0.05894
4      0.00757   0.96958   0.00706   0.01578
5      0.97613   0.00554   0.01235   0.00598
6      0.00293   0.97906   0.00853   0.00948
7      0.00592   0.98231   0.00745   0.00433
8      0.14931   0.04162   0.01139   0.79767
9      0.00974   0.01814   0.95799   0.01413
10     0.01279   0.77075   0.03170   0.18476
11     0.16440   0.27177   0.05429   0.50955
XX
CC  residue_type: 
CC  program: transfac
CC  matrix.nb: 23
CC  accession: PRDM13_PRDM13_G_cluster_1_node_7_7motifs
CC  AC: PRDM13_PRDM13_G_cluster_1_node_7_7motifs
CC  id: PRDM13_PRDM13_G_cluster_1_node_7_7motifs
CC  name: cluster_1_node_7_7motifs
CC  version: 
CC  name: cluster_1_node_7_7motifs
CC  description: -scccytGCCACCTGCyscccsc---
CC  transfac_consensus: 
CC  matrix.nb: 23
XX
//
AC  ZNF518B_ZNF518B_G_cluster_1_node_1_2motifs
XX
ID  cluster_1_node_1_2motifs
XX
DE  ----CCTAATAGACATCTACAGAACTCT
P0           a         c         g         t
1      0.08749   0.73391   0.04700   0.13160
2      0.07737   0.75705   0.06797   0.09761
3      0.05278   0.11931   0.03543   0.79248
4      0.73536   0.01952   0.14244   0.10268
5      0.75705   0.00072   0.24150   0.00072
6      0.00072   0.00145   0.00000   0.99783
7      0.98915   0.00072   0.01012   0.00000
8      0.00000   0.00072   0.99928   0.00000
9      0.96023   0.00145   0.03254   0.00578
10     0.08171   0.70788   0.02386   0.18655
11     0.84454   0.03543   0.05785   0.06218
12     0.01085   0.03471   0.00289   0.95155
13     0.00072   0.99783   0.00145   0.00000
14     0.00000   0.00362   0.00145   0.99494
15     0.99711   0.00217   0.00072   0.00000
16     0.00072   0.98771   0.00072   0.01085
17     0.93203   0.02314   0.00795   0.03688
18     0.05785   0.04917   0.86623   0.02675
19     0.89949   0.03688   0.03181   0.03181
20     0.87925   0.03326   0.04555   0.04194
21     0.05423   0.81634   0.02892   0.10051
22     0.10701   0.06218   0.03905   0.79176
23     0.06435   0.77223   0.06508   0.09834
24     0.06941   0.07158   0.05929   0.79971
XX
CC  residue_type: 
CC  program: transfac
CC  matrix.nb: 24
CC  accession: ZNF518B_ZNF518B_G_cluster_1_node_1_2motifs
CC  AC: ZNF518B_ZNF518B_G_cluster_1_node_1_2motifs
CC  id: ZNF518B_ZNF518B_G_cluster_1_node_1_2motifs
CC  name: cluster_1_node_1_2motifs
CC  version: 
CC  name: cluster_1_node_1_2motifs
CC  description: ----CCTAATAGACATCTACAGAACTCT
CC  transfac_consensus: 
CC  matrix.nb: 24
XX
//
AC  ZBED2_ZBED2_G_cluster_1_node_1_2motifs
XX
ID  cluster_1_node_1_2motifs
XX
DE  ------mccCGAAACCra--------
P0           a         c         g         t
1      0.21681   0.48571   0.16723   0.13025
2      0.02353   0.95966   0.00336   0.01345
3      0.01008   0.01345   0.95798   0.01849
4      0.98319   0.00336   0.01176   0.00168
5      0.97143   0.00420   0.01008   0.01429
6      0.77479   0.16303   0.04538   0.01681
7      0.00504   0.96807   0.01849   0.00840
8      0.02521   0.78319   0.01261   0.17899
XX
CC  residue_type: 
CC  program: transfac
CC  matrix.nb: 25
CC  accession: ZBED2_ZBED2_G_cluster_1_node_1_2motifs
CC  AC: ZBED2_ZBED2_G_cluster_1_node_1_2motifs
CC  id: ZBED2_ZBED2_G_cluster_1_node_1_2motifs
CC  name: cluster_1_node_1_2motifs
CC  version: 
CC  name: cluster_1_node_1_2motifs
CC  description: ------mccCGAAACCra--------
CC  transfac_consensus: 
CC  matrix.nb: 25
XX
//
AC  ZNF20_ZNF20_C_cluster_1_node_3_2motifs_G20_M2_C1
XX
ID  cluster_1_node_3_2motifs_G20_M2_C1
XX
DE  ------AAAGTACACTCCACAGAGTGGGAGyr
P0           a         c         g         t
1      0.60638   0.10638   0.00000   0.28723
2      0.57447   0.00000   0.34043   0.08511
3      0.89506   0.08642   0.01235   0.00617
4      0.00000   0.00000   1.00000   0.00000
5      0.00000   0.00000   0.00000   1.00000
6      0.94444   0.02469   0.01235   0.01852
7      0.00000   0.94444   0.00000   0.05556
8      0.62346   0.00617   0.15432   0.21605
9      0.00000   0.95062   0.00000   0.04938
10     0.01235   0.00000   0.00617   0.98148
11     0.00000   0.98148   0.00617   0.01235
12     0.00000   1.00000   0.00000   0.00000
13     0.80864   0.00000   0.08642   0.10494
14     0.24074   0.64815   0.02469   0.08642
15     0.82716   0.06173   0.11111   0.00000
16     0.02469   0.01852   0.93210   0.02469
17     0.73457   0.07407   0.16049   0.03086
18     0.00000   0.00000   1.00000   0.00000
19     0.00000   0.04938   0.19753   0.75309
20     0.08025   0.01235   0.88272   0.02469
21     0.07407   0.02469   0.77160   0.12963
22     0.14815   0.05556   0.78395   0.01235
23     0.85185   0.09877   0.03704   0.01235
24     0.01852   0.01852   0.89506   0.06790
25     0.00000   0.63235   0.01471   0.35294
26     0.44118   0.02941   0.38235   0.14706
XX
CC  residue_type: 
CC  program: transfac
CC  matrix.nb: 26
CC  accession: ZNF20_ZNF20_C_cluster_1_node_3_2motifs_G20_M2_C1
CC  AC: ZNF20_ZNF20_C_cluster_1_node_3_2motifs_G20_M2_C1
CC  id: ZNF20_ZNF20_C_cluster_1_node_3_2motifs_G20_M2_C1
CC  name: cluster_1_node_3_2motifs_G20_M2_C1
CC  version: 
CC  name: cluster_1_node_3_2motifs_G20_M2_C1
CC  description: ------AAAGTACACTCCACAGAGTGGGAGyr
CC  transfac_consensus: 
CC  matrix.nb: 26
XX
//
AC  LEUTX_LEUTX_G_cluster_1_node_5_4motifs
XX
ID  cluster_1_node_5_4motifs
XX
DE  wdwywwrwrkGGATTAwmwkwrww
P0           a         c         g         t
1      0.40975   0.10232   0.28977   0.19816
2      0.31618   0.15288   0.14156   0.38938
3      0.28298   0.08904   0.39964   0.22834
4      0.19967   0.04014   0.49879   0.26139
5      0.06188   0.00724   0.92137   0.00951
6      0.00302   0.00241   0.99170   0.00287
7      0.99094   0.00181   0.00211   0.00513
8      0.00045   0.00136   0.00106   0.99713
9      0.02007   0.00226   0.00060   0.97706
10     0.99517   0.00075   0.00091   0.00317
11     0.34244   0.08648   0.05222   0.51887
12     0.34093   0.36976   0.16149   0.12783
13     0.26396   0.10957   0.16797   0.45850
XX
CC  residue_type: 
CC  program: transfac
CC  matrix.nb: 27
CC  accession: LEUTX_LEUTX_G_cluster_1_node_5_4motifs
CC  AC: LEUTX_LEUTX_G_cluster_1_node_5_4motifs
CC  id: LEUTX_LEUTX_G_cluster_1_node_5_4motifs
CC  name: cluster_1_node_5_4motifs
CC  version: 
CC  name: cluster_1_node_5_4motifs
CC  description: wdwywwrwrkGGATTAwmwkwrww
CC  transfac_consensus: 
CC  matrix.nb: 27
XX
//
AC  SALL3_SALL3_G_cluster_1
XX
ID  cluster_1
XX
DE  wwwwwwwgAAATACATATTTywwwww
P0           a         c         g         t
1      0.41925   0.09938   0.14829   0.33307
2      0.27329   0.13276   0.17003   0.42391
3      0.28701   0.15495   0.14696   0.41108
4      0.34398   0.15176   0.18584   0.31842
5      0.32268   0.13365   0.14483   0.39883
6      0.24147   0.14408   0.36535   0.24910
7      0.77424   0.04713   0.07047   0.10817
8      0.74372   0.03860   0.12298   0.09470
9      0.86715   0.00359   0.02469   0.10458
10     0.02154   0.00763   0.00718   0.96364
11     0.89542   0.02917   0.00943   0.06598
12     0.00404   0.93447   0.00180   0.05969
13     0.91966   0.00224   0.07720   0.00090
14     0.00224   0.00224   0.00045   0.99506
15     0.94300   0.00943   0.00269   0.04488
16     0.02603   0.01302   0.00628   0.95467
17     0.02558   0.02693   0.02199   0.92549
18     0.01167   0.03097   0.03905   0.91831
19     0.16023   0.31239   0.11759   0.40978
XX
CC  residue_type: 
CC  program: transfac
CC  matrix.nb: 28
CC  accession: SALL3_SALL3_G_cluster_1
CC  AC: SALL3_SALL3_G_cluster_1
CC  id: SALL3_SALL3_G_cluster_1
CC  name: cluster_1
CC  version: 
CC  name: cluster_1
CC  description: wwwwwwwgAAATACATATTTywwwww
CC  transfac_consensus: 
CC  matrix.nb: 28
XX
//
AC  MYF6_MYF6_C_positions_6nt_m2_G19_M1_C7
XX
ID  positions_6nt_m2_G19_M1_C7
XX
DE  srgCACCTGttgyc
P0           a         c         g         t
1      0.33024   0.20187   0.18848   0.27941
2      0.31406   0.19969   0.21952   0.26673
3      0.38723   0.12412   0.40025   0.08840
4      0.00000   1.00000   0.00000   0.00000
5      0.92452   0.01530   0.03986   0.02032
6      0.06696   0.36175   0.55941   0.01188
7      0.02548   0.92321   0.03562   0.01569
8      0.01574   0.02061   0.01593   0.94772
9      0.00000   0.00000   1.00000   0.00000
10     0.06023   0.17028   0.10533   0.66416
11     0.10248   0.37266   0.13412   0.39075
12     0.29898   0.28199   0.18789   0.23114
13     0.18375   0.30402   0.21762   0.29461
14     0.19287   0.33125   0.22790   0.24798
XX
CC  residue_type: 
CC  program: transfac
CC  matrix.nb: 29
CC  accession: MYF6_MYF6_C_positions_6nt_m2_G19_M1_C7
CC  AC: MYF6_MYF6_C_positions_6nt_m2_G19_M1_C7
CC  id: MYF6_MYF6_C_positions_6nt_m2_G19_M1_C7
CC  name: positions_6nt_m2_G19_M1_C7
CC  version: 
CC  name: positions_6nt_m2_G19_M1_C7
CC  description: srgCACCTGttgyc
CC  transfac_consensus: 
CC  matrix.nb: 29
XX
//
AC  ZBED5_ZBED5_G_cluster_1_node_1_2motifs_G20_M3_C9
XX
ID  cluster_1_node_1_2motifs_G20_M3_C9
XX
DE  yCCrCGGAACCCchsbs
P0           a         c         g         t
1      0.02564   0.93269   0.02244   0.01923
2      0.54167   0.38141   0.03846   0.03846
3      0.18269   0.45513   0.11218   0.25000
4      0.00000   1.00000   0.00000   0.00000
5      0.00962   0.00000   0.99038   0.00000
6      0.00000   0.55769   0.39103   0.05128
7      0.46795   0.22756   0.10256   0.20192
8      0.63141   0.00000   0.16987   0.19872
9      0.00000   0.83013   0.16987   0.00000
10     0.05769   0.93590   0.00641   0.00000
11     0.00321   0.97756   0.01282   0.00641
12     0.00641   0.81090   0.01603   0.16667
XX
CC  residue_type: 
CC  program: transfac
CC  matrix.nb: 30
CC  accession: ZBED5_ZBED5_G_cluster_1_node_1_2motifs_G20_M3_C9
CC  AC: ZBED5_ZBED5_G_cluster_1_node_1_2motifs_G20_M3_C9
CC  id: ZBED5_ZBED5_G_cluster_1_node_1_2motifs_G20_M3_C9
CC  name: cluster_1_node_1_2motifs_G20_M3_C9
CC  version: 
CC  name: cluster_1_node_1_2motifs_G20_M3_C9
CC  description: yCCrCGGAACCCchsbs
CC  transfac_consensus: 
CC  matrix.nb: 30
XX
//
AC  MSANTD1_MSANTD1_S_cluster_2_G20_M5_C1
XX
ID  cluster_2_G20_M5_C1
XX
DE  svgCGCGkCCssgsb
P0           a         c         g         t
1      0.23649   0.10285   0.43463   0.22603
2      0.05811   0.73562   0.07438   0.13190
3      0.06159   0.03951   0.85125   0.04765
4      0.00000   1.00000   0.00000   0.00000
5      0.00000   0.00000   1.00000   0.00000
6      0.22719   0.01395   0.11854   0.64033
7      0.22429   0.61766   0.03719   0.12086
8      0.14933   0.53922   0.28530   0.02615
9      0.05636   0.55142   0.34282   0.04939
10     0.13248   0.14526   0.57118   0.15107
XX
CC  residue_type: 
CC  program: transfac
CC  matrix.nb: 31
CC  accession: MSANTD1_MSANTD1_S_cluster_2_G20_M5_C1
CC  AC: MSANTD1_MSANTD1_S_cluster_2_G20_M5_C1
CC  id: MSANTD1_MSANTD1_S_cluster_2_G20_M5_C1
CC  name: cluster_2_G20_M5_C1
CC  version: 
CC  name: cluster_2_G20_M5_C1
CC  description: svgCGCGkCCssgsb
CC  transfac_consensus: 
CC  matrix.nb: 31
XX
//
AC  ZBED2_ZBED2_C_cluster_1_node_3_3motifs_G19_M5_C5
XX
ID  cluster_1_node_3_3motifs_G19_M5_C5
XX
DE  sssccCGAAACysss
P0           a         c         g         t
1      0.24313   0.17875   0.49500   0.08313
2      0.07687   0.31250   0.35500   0.25562
3      0.27437   0.56250   0.09438   0.06875
4      0.00000   1.00000   0.00000   0.00000
5      0.00000   0.00000   1.00000   0.00000
6      1.00000   0.00000   0.00000   0.00000
7      1.00000   0.00000   0.00000   0.00000
8      0.43938   0.44188   0.01750   0.10125
