>GABPA GABPA_motif1 oligos_6nt_mkv4_m1 /name=oligos_6nt_mkv4_m1oligos_6nt_mkv4_m1 /info=2.156 /gc_content=0.617 /consensus=SVACCGGAAGTGVSS /size=15 
0.22990	0.27032	0.34811	0.15167	
0.25206	0.28205	0.32247	0.14342	
0.58496	0.15385	0.20382	0.05737	
0.04911	0.80661	0.12082	0.02347	
0.09474	0.85007	0.03259	0.02260	
0.01608	0.01217	0.95915	0.01260	
0.01304	0.01130	0.96654	0.00913	
0.93872	0.02564	0.02434	0.01130	
0.92003	0.02173	0.02477	0.03346	
0.05954	0.03911	0.89179	0.00956	
0.02781	0.09561	0.03129	0.84528	
0.09561	0.14168	0.67710	0.08561	
0.27553	0.28596	0.31769	0.12082	
0.16775	0.37636	0.29900	0.15689	
0.14689	0.26032	0.40287	0.18992	
>GABPA GABPA_motif2 positions_6nt_m3 /name=positions_6nt_m3positions_6nt_m3 /info=2.784 /gc_content=0.687 /consensus=SSRYTTCCGCTTCCGGCSCSSSSS /size=24 
0.13158	0.41641	0.27709	0.17492	
0.13777	0.43034	0.29567	0.13622	
0.26471	0.23994	0.38390	0.11146	
0.06811	0.45046	0.15015	0.33127	
0.03251	0.11765	0.08050	0.76935	
0.03251	0.13003	0.08824	0.74923	
0.02167	0.89474	0.04644	0.03715	
0.03406	0.86068	0.06347	0.04180	
0.10836	0.02941	0.81115	0.05108	
0.01858	0.78328	0.14241	0.05573	
0.01858	0.12074	0.03715	0.82353	
0.02322	0.08978	0.05263	0.83437	
0.01393	0.90867	0.04954	0.02786	
0.01858	0.91176	0.03096	0.03870	
0.02167	0.05418	0.86687	0.05728	
0.02632	0.14551	0.78483	0.04334	
0.05263	0.71362	0.10526	0.12848	
0.12848	0.26316	0.44737	0.16099	
0.10991	0.47214	0.24303	0.17492	
0.11765	0.37461	0.37152	0.13622	
0.15635	0.27245	0.42105	0.15015	
0.13777	0.37616	0.33591	0.15015	
0.13777	0.37771	0.29721	0.18731	
0.13622	0.34830	0.32817	0.18731	
>GABPA GABPA_motif2 oligos_7nt_mkv5_m2 /name=oligos_7nt_mkv5_m2oligos_7nt_mkv5_m2 /info=2.687 /gc_content=0.855 /consensus=SSCCGGCCCCGCCCCCSS /size=18 
0.11139	0.45893	0.27380	0.15588	
0.10174	0.46391	0.28096	0.15339	
0.08152	0.58370	0.21686	0.11792	
0.15961	0.54854	0.15464	0.13721	
0.10516	0.17579	0.65899	0.06005	
0.06783	0.16553	0.69913	0.06752	
0.03143	0.82638	0.07903	0.06316	
0.02862	0.86372	0.06938	0.03827	
0.03360	0.91444	0.03609	0.01587	
0.01369	0.94337	0.02800	0.01493	
0.02800	0.01369	0.92750	0.03080	
0.02022	0.90977	0.05289	0.01711	
0.01649	0.91413	0.04792	0.02147	
0.02085	0.84070	0.08743	0.05103	
0.05663	0.83167	0.05849	0.05320	
0.03703	0.76478	0.10890	0.08930	
0.14904	0.30585	0.34630	0.19882	
0.12352	0.44213	0.30118	0.13317	
