## Submission: boozy-beige-cow	3	7/3/24, 1:44 AM

>PRDM5 PRDM5_motif1 oligos_6nt_mkv4_m1 /name=oligos_6nt_mkv4_m1oligos_6nt_mkv4_m1 /info=1.764 /gc_content=0.803 /consensus=SSGCGGAGCSS /size=11 
0.17148	0.32775	0.37407	0.12670	
0.10742	0.49098	0.28657	0.11502	
0.05264	0.19287	0.68736	0.06713	
0.00215	0.98478	0.00179	0.01128	
0.00507	0.03208	0.95788	0.00496	
0.00975	0.04942	0.92535	0.01548	
0.80311	0.15192	0.02106	0.02391	
0.01759	0.03734	0.92181	0.02325	
0.02676	0.91816	0.03121	0.02387	
0.12031	0.34826	0.36086	0.17057	
0.12235	0.33950	0.39692	0.14122	
>PRDM5 PRDM5_motif2 oligos_6nt_mkv4_m2 /name=oligos_6nt_mkv4_m2oligos_6nt_mkv4_m2 /info=2.225 /gc_content=0.819 /consensus=SSCGCCCCCACCCCS /size=15 
0.12628	0.46158	0.27164	0.14051	
0.11856	0.47494	0.29088	0.11562	
0.05173	0.82719	0.07244	0.04864	
0.07387	0.06732	0.79519	0.06363	
0.02786	0.89398	0.04476	0.03339	
0.03761	0.86062	0.07281	0.02895	
0.05768	0.82166	0.08765	0.03302	
0.03660	0.86860	0.06863	0.02617	
0.01690	0.91088	0.05587	0.01634	
0.73032	0.04748	0.15809	0.06412	
0.04288	0.77380	0.13844	0.04488	
0.06329	0.77825	0.10790	0.05056	
0.05154	0.78265	0.09442	0.07138	
0.13648	0.46659	0.24739	0.14954	
0.12213	0.45220	0.29502	0.13064	
>PRDM5 PRDM5_motif3 oligos_6nt_mkv4_m4 /name=oligos_6nt_mkv4_m4oligos_6nt_mkv4_m4 /info=1.884 /gc_content=0.706 /consensus=SSTGCCCAGCCC /size=12 
0.14289	0.34742	0.33477	0.17493	
0.16805	0.36806	0.25700	0.20690	
0.03387	0.08687	0.05652	0.82274	
0.01591	0.07125	0.86840	0.04444	
0.01580	0.92904	0.03347	0.02168	
0.02408	0.92438	0.02258	0.02896	
0.01484	0.96133	0.01401	0.00982	
0.85159	0.05358	0.06587	0.02896	
0.01462	0.05050	0.91693	0.01796	
0.03598	0.80077	0.14081	0.02243	
0.17536	0.39361	0.19872	0.23230	
0.17349	0.33563	0.24116	0.24972	
>PRDM5 PRDM5_motif4 positions_7nt_m5 /name=positions_7nt_m5positions_7nt_m5 /info=1.849 /gc_content=0.527 /consensus=GRGAACAGGTGV /size=12 
0.22501	0.18501	0.43662	0.15337	
0.32749	0.11286	0.34311	0.21655	
0.05703	0.03426	0.88472	0.02398	
0.86407	0.05270	0.05723	0.02600	
0.82033	0.05200	0.07880	0.04887	
0.05038	0.87636	0.05371	0.01955	
0.93218	0.01592	0.02035	0.03154	
0.01884	0.03144	0.92634	0.02338	
0.02368	0.04081	0.91475	0.02076	
0.05280	0.05723	0.06560	0.82437	
0.21564	0.21181	0.34764	0.22491	
0.25756	0.25141	0.27237	0.21866	
>ZNF362 ZNF362_motif1 oligos_6nt_mkv4_m1 /name=oligos_6nt_mkv4_m1oligos_6nt_mkv4_m1 /info=1.916 /gc_content=0.130 /consensus=WWATTTTAWW /size=10 
0.32600	0.14902	0.18937	0.33562	
0.28864	0.20694	0.13420	0.37022	
0.99856	0.00011	0.00133	0.00000	
0.00044	0.00033	0.00033	0.99889	
0.00995	0.00133	0.00232	0.98640	
0.01426	0.00111	0.00221	0.98242	
0.00077	0.00044	0.00022	0.99856	
0.99956	0.00033	0.00011	0.00000	
0.33949	0.14448	0.17544	0.34059	
0.35353	0.12989	0.16328	0.35331	
>ZNF362 ZNF362_motif2 positions_6nt_m1 /name=positions_6nt_m1positions_6nt_m1 /info=3.087 /gc_content=0.099 /consensus=AWAWAWAWAWAWAWATATAWA /size=21 
0.62105	0.15586	0.07152	0.15157	
0.40250	0.07606	0.12412	0.39732	
0.72419	0.06803	0.04508	0.16270	
0.32660	0.12067	0.03106	0.52168	
0.77084	0.04605	0.03753	0.14558	
0.32282	0.12842	0.03351	0.51525	
0.80906	0.02797	0.02548	0.13750	
0.56495	0.04601	0.02069	0.36834	
0.81609	0.09820	0.02716	0.05854	
0.28658	0.03640	0.03018	0.64684	
0.95259	0.00755	0.01410	0.02576	
0.60329	0.03211	0.01278	0.35183	
0.95110	0.00836	0.01201	0.02853	
0.59288	0.02158	0.00960	0.37594	
0.94788	0.00908	0.01390	0.02913	
0.16286	0.02403	0.02471	0.78840	
0.92928	0.01165	0.01852	0.04054	
0.16993	0.15044	0.04782	0.63182	
0.79190	0.04135	0.04601	0.12075	
0.35967	0.09728	0.07381	0.46924	
0.67095	0.06570	0.09370	0.16965	
>ZNF362 ZNF362_motif3 oligos_6nt_mkv4_m2 /name=oligos_6nt_mkv4_m2oligos_6nt_mkv4_m2 /info=2.198 /gc_content=0.275 /consensus=TTCTTTTCTTTTT /size=13 
0.19398	0.15250	0.13689	0.51663	
0.21023	0.16026	0.14530	0.48420	
0.06253	0.88029	0.02180	0.03538	
0.04702	0.01921	0.02143	0.91234	
0.03325	0.02420	0.01829	0.92426	
0.02272	0.02448	0.01894	0.93386	
0.02328	0.02014	0.01136	0.94522	
0.03676	0.92740	0.00988	0.02596	
0.07057	0.07436	0.02873	0.82634	
0.07796	0.07445	0.06438	0.78321	
0.08646	0.08239	0.05690	0.77425	
0.18917	0.19564	0.10410	0.51108	
0.18077	0.21245	0.09089	0.51589	
>ZNF362 ZNF362_motif3 oligos_7nt_mkv5_m2 /name=oligos_7nt_mkv5_m2oligos_7nt_mkv5_m2 /info=2.237 /gc_content=0.169 /consensus=WWATTTTTGTAT /size=12 
0.30505	0.11428	0.12062	0.46005	
0.50933	0.09389	0.09097	0.30582	
0.77944	0.01420	0.01817	0.18820	
0.05436	0.01295	0.01114	0.92156	
0.03689	0.01510	0.01907	0.92894	
0.01775	0.01893	0.01100	0.95232	
0.02784	0.02457	0.02074	0.92685	
0.03675	0.00981	0.00947	0.94397	
0.05234	0.01218	0.92567	0.00981	
0.04747	0.03724	0.04768	0.86762	
0.64017	0.07565	0.10871	0.17546	
0.16732	0.08693	0.12423	0.62152	

>GABPA GABPA_motif1 oligos_6nt_mkv4_m1 /name=oligos_6nt_mkv4_m1oligos_6nt_mkv4_m1 /info=2.156 /gc_content=0.617 /consensus=SVACCGGAAGTGVSS /size=15 
0.22990	0.27032	0.34811	0.15167	
0.25206	0.28205	0.32247	0.14342	
0.58496	0.15385	0.20382	0.05737	
0.04911	0.80661	0.12082	0.02347	
0.09474	0.85007	0.03259	0.02260	
0.01608	0.01217	0.95915	0.01260	
0.01304	0.01130	0.96654	0.00913	
0.93872	0.02564	0.02434	0.01130	
0.92003	0.02173	0.02477	0.03346	
0.05954	0.03911	0.89179	0.00956	
0.02781	0.09561	0.03129	0.84528	
0.09561	0.14168	0.67710	0.08561	
0.27553	0.28596	0.31769	0.12082	
0.16775	0.37636	0.29900	0.15689	
0.14689	0.26032	0.40287	0.18992	
>GABPA GABPA_motif2 positions_6nt_m3 /name=positions_6nt_m3positions_6nt_m3 /info=2.784 /gc_content=0.687 /consensus=SSRYTTCCGCTTCCGGCSCSSSSS /size=24 
0.13158	0.41641	0.27709	0.17492	
0.13777	0.43034	0.29567	0.13622	
0.26471	0.23994	0.38390	0.11146	
0.06811	0.45046	0.15015	0.33127	
0.03251	0.11765	0.08050	0.76935	
0.03251	0.13003	0.08824	0.74923	
0.02167	0.89474	0.04644	0.03715	
0.03406	0.86068	0.06347	0.04180	
0.10836	0.02941	0.81115	0.05108	
0.01858	0.78328	0.14241	0.05573	
0.01858	0.12074	0.03715	0.82353	
0.02322	0.08978	0.05263	0.83437	
0.01393	0.90867	0.04954	0.02786	
0.01858	0.91176	0.03096	0.03870	
0.02167	0.05418	0.86687	0.05728	
0.02632	0.14551	0.78483	0.04334	
0.05263	0.71362	0.10526	0.12848	
0.12848	0.26316	0.44737	0.16099	
0.10991	0.47214	0.24303	0.17492	
0.11765	0.37461	0.37152	0.13622	
0.15635	0.27245	0.42105	0.15015	
0.13777	0.37616	0.33591	0.15015	
0.13777	0.37771	0.29721	0.18731	
0.13622	0.34830	0.32817	0.18731	
>GABPA GABPA_motif2 oligos_7nt_mkv5_m2 /name=oligos_7nt_mkv5_m2oligos_7nt_mkv5_m2 /info=2.687 /gc_content=0.855 /consensus=SSCCGGCCCCGCCCCCSS /size=18 
0.11139	0.45893	0.27380	0.15588	
0.10174	0.46391	0.28096	0.15339	
0.08152	0.58370	0.21686	0.11792	
0.15961	0.54854	0.15464	0.13721	
0.10516	0.17579	0.65899	0.06005	
0.06783	0.16553	0.69913	0.06752	
0.03143	0.82638	0.07903	0.06316	
0.02862	0.86372	0.06938	0.03827	
0.03360	0.91444	0.03609	0.01587	
0.01369	0.94337	0.02800	0.01493	
0.02800	0.01369	0.92750	0.03080	
0.02022	0.90977	0.05289	0.01711	
0.01649	0.91413	0.04792	0.02147	
0.02085	0.84070	0.08743	0.05103	
0.05663	0.83167	0.05849	0.05320	
0.03703	0.76478	0.10890	0.08930	
0.14904	0.30585	0.34630	0.19882	
0.12352	0.44213	0.30118	0.13317	

