>MA1999.2 /name=Prdm5 /info=1.984 /gc_content=0.507 /consensus=GTTCTCCATCT /size=11 
0.04865	0.08108	0.78378	0.08649	
0.07973	0.11622	0.06757	0.73649	
0.02432	0.05811	0.05000	0.86757	
0.02703	0.91486	0.01757	0.04054	
0.05270	0.04189	0.02703	0.87838	
0.02162	0.91486	0.04054	0.02297	
0.02973	0.92568	0.02432	0.02027	
0.77703	0.10946	0.05405	0.05946	
0.02432	0.07973	0.17297	0.72297	
0.05811	0.70000	0.11622	0.12568	
0.11892	0.19595	0.09054	0.59459	
>MA1999.2 /name=Prdm5 /info=1.984 /gc_content=0.507 /consensus=GTTCTCCATCT /size=11 
0.04865	0.08108	0.78378	0.08649	
0.07973	0.11622	0.06757	0.73649	
0.02432	0.05811	0.05000	0.86757	
0.02703	0.91486	0.01757	0.04054	
0.05270	0.04189	0.02703	0.87838	
0.02162	0.91486	0.04054	0.02297	
0.02973	0.92568	0.02432	0.02027	
0.77703	0.10946	0.05405	0.05946	
0.02432	0.07973	0.17297	0.72297	
0.05811	0.70000	0.11622	0.12568	
0.11892	0.19595	0.09054	0.59459	
>UN0812.1 /name=ZNF366 /info=1.947 /gc_content=0.640 /consensus=YYCTCCTCY /size=9 
0.08819	0.31184	0.10635	0.49363	
0.08075	0.53666	0.11368	0.26891	
0.00244	0.99256	0.00467	0.00032	
0.00574	0.00436	0.03570	0.95421	
0.00765	0.98863	0.00308	0.00064	
0.00701	0.98183	0.00999	0.00117	
0.00977	0.00414	0.03634	0.94975	
0.00319	0.99564	0.00053	0.00064	
0.09499	0.53485	0.09520	0.27497	
>UN0812.1 /name=ZNF366 /info=1.947 /gc_content=0.640 /consensus=YYCTCCTCY /size=9 
0.08819	0.31184	0.10635	0.49363	
0.08075	0.53666	0.11368	0.26891	
0.00244	0.99256	0.00467	0.00032	
0.00574	0.00436	0.03570	0.95421	
0.00765	0.98863	0.00308	0.00064	
0.00701	0.98183	0.00999	0.00117	
0.00977	0.00414	0.03634	0.94975	
0.00319	0.99564	0.00053	0.00064	
0.09499	0.53485	0.09520	0.27497	
>MA1726.2 /name=ZNF331 /info=2.180 /gc_content=0.654 /consensus=TGCAGAGCCC /size=10 
0.13183	0.05291	0.07199	0.74328	
0.01041	0.01214	0.96704	0.01041	
0.01474	0.96618	0.00781	0.01127	
0.74935	0.02428	0.03816	0.18820	
0.01388	0.00867	0.97225	0.00520	
0.95230	0.01995	0.01648	0.01127	
0.05551	0.00954	0.93235	0.00260	
0.01561	0.95663	0.01301	0.01474	
0.14310	0.73287	0.03643	0.08760	
0.14137	0.57242	0.12663	0.15958	
>MA1726.2 /name=ZNF331 /info=2.180 /gc_content=0.654 /consensus=TGCAGAGCCC /size=10 
0.13183	0.05291	0.07199	0.74328	
0.01041	0.01214	0.96704	0.01041	
0.01474	0.96618	0.00781	0.01127	
0.74935	0.02428	0.03816	0.18820	
0.01388	0.00867	0.97225	0.00520	
0.95230	0.01995	0.01648	0.01127	
0.05551	0.00954	0.93235	0.00260	
0.01561	0.95663	0.01301	0.01474	
0.14310	0.73287	0.03643	0.08760	
0.14137	0.57242	0.12663	0.15958	
>MA0062.4 /name=GABPA /info=2.003 /gc_content=0.505 /consensus=CACTTCCTGT /size=10 
0.11666	0.63223	0.10674	0.14437	
0.79812	0.06091	0.07442	0.06656	
0.01419	0.85010	0.03313	0.10258	
0.05933	0.02204	0.01474	0.90389	
0.01316	0.01878	0.02494	0.94311	
0.02135	0.93729	0.01756	0.02379	
0.01517	0.96377	0.00794	0.01312	
0.02630	0.02355	0.06966	0.88050	
0.03389	0.09664	0.79293	0.07654	
0.08161	0.18336	0.11790	0.61713	
>MA0062.4 /name=GABPA /info=2.003 /gc_content=0.505 /consensus=CACTTCCTGT /size=10 
0.11666	0.63223	0.10674	0.14437	
0.79812	0.06091	0.07442	0.06656	
0.01419	0.85010	0.03313	0.10258	
0.05933	0.02204	0.01474	0.90389	
0.01316	0.01878	0.02494	0.94311	
0.02135	0.93729	0.01756	0.02379	
0.01517	0.96377	0.00794	0.01312	
0.02630	0.02355	0.06966	0.88050	
0.03389	0.09664	0.79293	0.07654	
0.08161	0.18336	0.11790	0.61713	
