>MA1999.2 /name=Prdm5 /info=1.984 /gc_content=0.507 /consensus=GTTCTCCATCT /size=11 
0.0486486486486487	0.0810810810810811	0.783783783783784	0.0864864864864865	
0.0797297297297297	0.116216216216216	0.0675675675675676	0.736486486486487	
0.0243243243243243	0.0581081081081081	0.05	0.867567567567568	
0.027027027027027	0.914864864864865	0.0175675675675676	0.0405405405405405	
0.0527027027027027	0.0418918918918919	0.027027027027027	0.878378378378378	
0.0216216216216216	0.914864864864865	0.0405405405405405	0.022972972972973	
0.0297297297297297	0.925675675675676	0.0243243243243243	0.0202702702702703	
0.777027027027027	0.109459459459459	0.0540540540540541	0.0594594594594595	
0.0243243243243243	0.0797297297297297	0.172972972972973	0.722972972972973	
0.0581081081081081	0.7	0.116216216216216	0.125675675675676	
0.118918918918919	0.195945945945946	0.0905405405405405	0.594594594594595	
>MA1999.2 /name=Prdm5 /info=1.984 /gc_content=0.507 /consensus=GTTCTCCATCT /size=11 
0.0486486486486487	0.0810810810810811	0.783783783783784	0.0864864864864865	
0.0797297297297297	0.116216216216216	0.0675675675675676	0.736486486486487	
0.0243243243243243	0.0581081081081081	0.05	0.867567567567568	
0.027027027027027	0.914864864864865	0.0175675675675676	0.0405405405405405	
0.0527027027027027	0.0418918918918919	0.027027027027027	0.878378378378378	
0.0216216216216216	0.914864864864865	0.0405405405405405	0.022972972972973	
0.0297297297297297	0.925675675675676	0.0243243243243243	0.0202702702702703	
0.777027027027027	0.109459459459459	0.0540540540540541	0.0594594594594595	
0.0243243243243243	0.0797297297297297	0.172972972972973	0.722972972972973	
0.0581081081081081	0.7	0.116216216216216	0.125675675675676	
0.118918918918919	0.195945945945946	0.0905405405405405	0.594594594594595	
>UN0812.1 /name=ZNF366 /info=1.947 /gc_content=0.640 /consensus=YYCTCCTCY /size=9 
0.0881852953676158	0.311835954101147	0.106353591160221	0.493625159371016	
0.0807479813004675	0.53665533361666	0.113684657883553	0.26891202719932	
0.00244368890777731	0.992562685932852	0.0046748831279218	0.000318742031449214	
0.00573735656608585	0.00435614109647259	0.0356991075223119	0.95420739481513	
0.00764980875478113	0.988631534211645	0.00308117297067573	0.000637484062898428	
0.0070123246918827	0.981831704207395	0.00998725031874203	0.00116872078198045	
0.00977475563110922	0.00414364640883978	0.0363365915852104	0.949745006374841	
0.00318742031449214	0.995643858903527	0.000531236719082023	0.000637484062898428	
0.0949851253718657	0.534849128771781	0.0951976200594985	0.274968125796855	
>UN0812.1 /name=ZNF366 /info=1.947 /gc_content=0.640 /consensus=YYCTCCTCY /size=9 
0.0881852953676158	0.311835954101147	0.106353591160221	0.493625159371016	
0.0807479813004675	0.53665533361666	0.113684657883553	0.26891202719932	
0.00244368890777731	0.992562685932852	0.0046748831279218	0.000318742031449214	
0.00573735656608585	0.00435614109647259	0.0356991075223119	0.95420739481513	
0.00764980875478113	0.988631534211645	0.00308117297067573	0.000637484062898428	
0.0070123246918827	0.981831704207395	0.00998725031874203	0.00116872078198045	
0.00977475563110922	0.00414364640883978	0.0363365915852104	0.949745006374841	
0.00318742031449214	0.995643858903527	0.000531236719082023	0.000637484062898428	
0.0949851253718657	0.534849128771781	0.0951976200594985	0.274968125796855	
>MA1726.2 /name=ZNF331 /info=2.180 /gc_content=0.654 /consensus=TGCAGAGCCC /size=10 
0.131830008673027	0.0529054640069384	0.0719861231569818	0.743278404163053	
0.01040763226366	0.0121422376409367	0.967042497831743	0.01040763226366	
0.0147441457068517	0.966175195143105	0.00780572419774501	0.0112749349522984	
0.749349522983521	0.0242844752818734	0.0381613183000867	0.188204683434519	
0.0138768430182134	0.00867302688638335	0.972246313963573	0.00520381613183001	
0.952298352124892	0.0199479618386817	0.0164787510841284	0.0112749349522984	
0.0555073720728534	0.00954032957502168	0.93235039028621	0.002601908065915	
0.01561144839549	0.956634865568083	0.013009540329575	0.0147441457068517	
0.143104943625325	0.732870771899393	0.0364267129228101	0.0875975715524718	
0.141370338248049	0.572419774501301	0.126626192541197	0.159583694709454	
>MA1726.2 /name=ZNF331 /info=2.180 /gc_content=0.654 /consensus=TGCAGAGCCC /size=10 
0.131830008673027	0.0529054640069384	0.0719861231569818	0.743278404163053	
0.01040763226366	0.0121422376409367	0.967042497831743	0.01040763226366	
0.0147441457068517	0.966175195143105	0.00780572419774501	0.0112749349522984	
0.749349522983521	0.0242844752818734	0.0381613183000867	0.188204683434519	
0.0138768430182134	0.00867302688638335	0.972246313963573	0.00520381613183001	
0.952298352124892	0.0199479618386817	0.0164787510841284	0.0112749349522984	
0.0555073720728534	0.00954032957502168	0.93235039028621	0.002601908065915	
0.01561144839549	0.956634865568083	0.013009540329575	0.0147441457068517	
0.143104943625325	0.732870771899393	0.0364267129228101	0.0875975715524718	
0.141370338248049	0.572419774501301	0.126626192541197	0.159583694709454	
>MA0062.4 /name=GABPA /info=2.003 /gc_content=0.505 /consensus=CACTTCCTGT /size=10 
0.116663357717742	0.632233235083004	0.10673651094244	0.144366896256815	
0.798118480734281	0.0609050229844683	0.074420806670841	0.0665556896104094	
0.0141877548527009	0.85010461369294	0.0331251240855847	0.102582507368775	
0.059331999572382	0.0220375998411705	0.014737549443333	0.903892851143114	
0.0131645260312467	0.0187846485132638	0.024939293513951	0.943111531941538	
0.0213503566028803	0.937292872524015	0.0175628827563035	0.0237938881168008	
0.0151651674582691	0.963774645306129	0.0079414774202416	0.0131187098153606	
0.0262985079185693	0.0235495349654088	0.0696559202186961	0.880496036897326	
0.0338887276836848	0.0966416713755555	0.7929259762672	0.0765436246735594	
0.0816139525649445	0.183356495975809	0.117900395546664	0.617129155912583	
>MA0062.4 /name=GABPA /info=2.003 /gc_content=0.505 /consensus=CACTTCCTGT /size=10 
0.116663357717742	0.632233235083004	0.10673651094244	0.144366896256815	
0.798118480734281	0.0609050229844683	0.074420806670841	0.0665556896104094	
0.0141877548527009	0.85010461369294	0.0331251240855847	0.102582507368775	
0.059331999572382	0.0220375998411705	0.014737549443333	0.903892851143114	
0.0131645260312467	0.0187846485132638	0.024939293513951	0.943111531941538	
0.0213503566028803	0.937292872524015	0.0175628827563035	0.0237938881168008	
0.0151651674582691	0.963774645306129	0.0079414774202416	0.0131187098153606	
0.0262985079185693	0.0235495349654088	0.0696559202186961	0.880496036897326	
0.0338887276836848	0.0966416713755555	0.7929259762672	0.0765436246735594	
0.0816139525649445	0.183356495975809	0.117900395546664	0.617129155912583	
