>GABPA THC_0866_oli_6nt_mkv4_m1
0.2383  0.2647  0.3529  0.1441  
0.2545  0.2953  0.3211  0.1291  
0.5810  0.1525  0.2155  0.0510  
0.0420  0.8103  0.1279  0.0198  
0.1008  0.8535  0.0306  0.0150  
0.0174  0.0102  0.9610  0.0114  
0.0120  0.0084  0.9730  0.0066  
0.9496  0.0198  0.0210  0.0096  
0.9268  0.0264  0.0204  0.0264  
0.0552  0.0312  0.9082  0.0054  
0.0306  0.0822  0.0306  0.8565  
0.0864  0.1447  0.6957  0.0732  
0.4070  0.2419  0.2557  0.0954  
0.1345  0.5144  0.2383  0.1128  
0.0888  0.2227  0.5222  0.1663  
0.1026  0.2863  0.2821  0.3289  
0.1543  0.3601  0.2941  0.1915  
0.2101  0.2809  0.3193  0.1897  
>PRDM5 THC_0307D_0293_oli_6nt_mkv4_m1
0.1737	0.3026	0.3012	0.2224	
0.1650	0.3121	0.2659	0.2569	
0.0423	0.8819	0.0472	0.0286	
0.9418	0.0090	0.0378	0.0114	
0.0157	0.8858	0.0370	0.0615	
0.0305	0.0944	0.0252	0.8499	
0.0259	0.1386	0.8092	0.0263	
0.0283	0.9049	0.0359	0.0309	
0.9025	0.0283	0.0529	0.0163	
0.2015	0.3343	0.3380	0.1263	
0.1395	0.4201	0.1626	0.2778	
>PRDM5 THC_0307D_0293_pos_6nt_m1
0.2551	0.2010	0.3072	0.2368	
0.2245	0.3608	0.2284	0.1863	
0.8057	0.0567	0.0336	0.1040	
0.0278	0.9118	0.0276	0.0328	
0.0379	0.0501	0.0288	0.8831	
0.0244	0.9034	0.0384	0.0338	
0.0215	0.9538	0.0066	0.0182	
0.8873	0.0338	0.0558	0.0231	
0.0283	0.0565	0.1855	0.7297	
0.1326	0.4375	0.2268	0.2032	
0.1597	0.3558	0.1559	0.3286	
>PRDM5 THC_0307M_0314_oli_6nt_mkv4_m1
0.8667	0.0264	0.0739	0.0330	
0.5321	0.0519	0.3825	0.0335	
0.1455	0.0258	0.4623	0.3664	
0.3718	0.1092	0.0236	0.4954	
0.0385	0.0189	0.8204	0.1221	
0.0110	0.8002	0.0232	0.1656	
0.0063	0.0097	0.0135	0.9705	
0.0140	0.0039	0.9697	0.0125	
0.0141	0.0033	0.9737	0.0089	
0.0148	0.0071	0.9712	0.0069	
0.9760	0.0052	0.0101	0.0087	
0.0096	0.0172	0.0268	0.9463	
0.0099	0.0118	0.0270	0.9514	
0.9518	0.0278	0.0093	0.0110	
0.0088	0.9673	0.0100	0.0139	
0.9793	0.0030	0.0114	0.0063	
0.0265	0.0057	0.9593	0.0084	
0.0139	0.0079	0.9671	0.0111	
0.0459	0.6989	0.0559	0.1994	
0.4357	0.0478	0.4661	0.0503	
>PRDM5 THC_0307M_0314_pos_6nt_m1
0.1249	0.5771	0.1717	0.1263	
0.1581	0.3822	0.1866	0.2731	
0.1523	0.0518	0.7583	0.0376	
0.8949	0.0333	0.0375	0.0343	
0.0413	0.0270	0.8957	0.0360	
0.0371	0.0589	0.0780	0.8260	
0.8744	0.0475	0.0531	0.0250	
0.0395	0.0435	0.8854	0.0316	
0.0320	0.8854	0.0511	0.0315	
0.0314	0.0375	0.0343	0.8968	
0.0358	0.0172	0.9210	0.0261	
0.0492	0.0388	0.8777	0.0342	
0.1635	0.1272	0.5932	0.1161	
0.5628	0.1348	0.1844	0.1179	
>ZNF362 THC_0364D_0293_oli_6nt_mkv4_m1
0.3850	0.2007	0.1528	0.2614	
0.2262	0.6131	0.0474	0.1133	
0.0134	0.0161	0.0668	0.9037	
0.0102	0.9517	0.0173	0.0208	
0.0137	0.8194	0.1356	0.0313	
0.1063	0.0223	0.0053	0.8662	
0.0144	0.0165	0.9575	0.0116	
0.8722	0.0269	0.0840	0.0169	
0.0179	0.8554	0.0549	0.0718	
0.0154	0.9396	0.0062	0.0387	
0.2556	0.1342	0.0287	0.5814	
0.1635	0.5014	0.1267	0.2085	
>ZNF362 THC_0364M_0314_oli_6nt_mkv4_m1
0.1120	0.1204	0.7249	0.0427	
0.0804	0.5389	0.2818	0.0989	
0.6836	0.1631	0.0363	0.1170	
0.0176	0.0088	0.9563	0.0173	
0.0089	0.0212	0.0056	0.9643	
0.0252	0.0063	0.9165	0.0520	
0.9572	0.0150	0.0067	0.0211	
0.0221	0.0127	0.8999	0.0653	
0.0405	0.9257	0.0083	0.0254	
0.0063	0.9420	0.0088	0.0429	
0.6585	0.0257	0.2953	0.0206	
0.4949	0.3079	0.0854	0.1119	
0.0592	0.2256	0.5956	0.1196	
>ZNF362 THC_0411D_0293_oli_6nt_mkv4_m1
0.6569	0.0761	0.0640	0.2031	
0.3343	0.1183	0.4902	0.0571	
0.9684	0.0112	0.0104	0.0100	
0.0134	0.9643	0.0086	0.0137	
0.0145	0.7247	0.0079	0.2529	
0.0331	0.8321	0.0068	0.1280	
0.0384	0.8105	0.0112	0.1398	
0.0521	0.0095	0.9303	0.0081	
0.0082	0.0180	0.0182	0.9557	
0.0605	0.6725	0.1830	0.0840	
0.1866	0.0736	0.0706	0.6692	
