>NFKB1_NFKB1_H_cluster_1_node_4_5motifs_G20_M5_C1 /name=cluster_1_node_4_5motifs_G20_M5_C1 /info=2.722 /gc_content=0.664 /consensus=RGGGRATYCCCCKW /size=14 
0.38803	0.08636	0.47717	0.04844	
0.00080	0.06784	0.93122	0.00013	
0.00005	0.00004	0.99981	0.00009	
0.09199	0.00004	0.90458	0.00340	
0.43322	0.19541	0.37059	0.00078	
0.63984	0.11234	0.01787	0.22996	
0.23444	0.00269	0.00207	0.76080	
0.00096	0.51304	0.00289	0.48311	
0.00000	1.00000	0.00000	0.00000	
0.00000	1.00000	0.00000	0.00000	
0.00000	1.00000	0.00000	0.00000	
0.00102	0.99435	0.00197	0.00266	
0.05912	0.12398	0.29384	0.52306	
0.46772	0.09311	0.09819	0.34098	
>NACC2_NACC2_H_cluster_1_G20_M3_C9 /name=cluster_1_G20_M3_C9 /info=3.024 /gc_content=0.420 /consensus=RTGTYRMAMATGACATRY /size=18 
0.66562	0.01260	0.25803	0.06375	
0.19313	0.07710	0.07993	0.64984	
0.00106	0.18623	0.81243	0.00027	
0.16627	0.00711	0.00055	0.82607	
0.00028	0.67598	0.00028	0.32346	
0.69558	0.00662	0.29729	0.00051	
0.27642	0.44444	0.17805	0.10109	
0.89205	0.00010	0.10484	0.00301	
0.57773	0.37171	0.00020	0.05037	
0.68182	0.23444	0.03217	0.05158	
0.00034	0.23246	0.01103	0.75617	
0.02563	0.00016	0.97411	0.00010	
0.74294	0.00196	0.05704	0.19805	
0.00000	1.00000	0.00000	0.00000	
0.77555	0.00029	0.22411	0.00005	
0.00065	0.04677	0.00398	0.94860	
0.39207	0.00155	0.60505	0.00133	
0.00346	0.43770	0.18917	0.36967	
>NFKB1_NFKB1_H_cluster_1_node_4_5motifs /name=cluster_1_node_4_5motifs /info=3.399 /gc_content=0.627 /consensus=AGGGGATTCCCCTW /size=14 
0.66280	0.14751	0.10694	0.08275	
0.00086	0.00043	0.99857	0.00014	
0.00005	0.00004	0.99981	0.00009	
0.00027	0.00004	0.99594	0.00374	
0.04294	0.00015	0.95486	0.00204	
0.94148	0.02450	0.02630	0.00772	
0.23444	0.00269	0.00207	0.76080	
0.00196	0.01510	0.00586	0.97709	
0.00088	0.97260	0.00004	0.02648	
0.00153	0.99832	0.00005	0.00010	
0.00010	0.99980	0.00002	0.00008	
0.00102	0.99435	0.00197	0.00266	
0.07109	0.14908	0.15092	0.62890	
0.34422	0.11472	0.12098	0.42009	
>ZNF362_ZNF362_G_dyads_m1_G20_M5_C9 /name=dyads_m1_G20_M5_C9 /info=3.788 /gc_content=0.277 /consensus=MACARMMAAAAMAAMAAAMAA /size=21 
0.66667	0.33333	0.00000	0.00000	
0.90526	0.09474	0.00000	0.00000	
0.20995	0.73485	0.05520	0.00000	
0.78237	0.00000	0.00000	0.21763	
0.48619	0.16062	0.26815	0.08504	
0.40646	0.59354	0.00000	0.00000	
0.67398	0.32602	0.00000	0.00000	
0.94941	0.00000	0.00000	0.05059	
0.66667	0.22222	0.00000	0.11111	
0.90147	0.00000	0.09853	0.00000	
0.93008	0.00000	0.00000	0.06992	
0.33333	0.66667	0.00000	0.00000	
0.78319	0.21681	0.00000	0.00000	
1.00000	0.00000	0.00000	0.00000	
0.33333	0.66667	0.00000	0.00000	
0.87102	0.00000	0.12898	0.00000	
0.88889	0.00000	0.11111	0.00000	
0.69608	0.08700	0.00000	0.21692	
0.35796	0.44746	0.19458	0.00000	
0.80898	0.08990	0.10112	0.00000	
0.77778	0.22222	0.00000	0.00000	
>GABPA_GABPA_G_cluster_1_G19_M4_C9 /name=cluster_1_G19_M4_C9 /info=1.892 /gc_content=0.586 /consensus=YMCTTCCGKY /size=10 
0.13324	0.25642	0.07607	0.53426	
0.53907	0.27616	0.16189	0.02288	
0.00385	0.74939	0.16452	0.08224	
0.03173	0.00863	0.01170	0.94794	
0.00667	0.00507	0.00963	0.97863	
0.00000	1.00000	0.00000	0.00000	
0.00496	0.98471	0.00396	0.00637	
0.00322	0.00255	0.95112	0.04310	
0.00900	0.19492	0.54355	0.25254	
0.04340	0.38195	0.07528	0.49937	
>NACC2_NACC2_H_cluster_1 /name=cluster_1 /info=4.305 /gc_content=0.317 /consensus=ATGTYARAAATGACATRY /size=18 
0.95553	0.01808	0.02610	0.00029	
0.00032	0.01398	0.00098	0.98473	
0.00131	0.00111	0.99724	0.00034	
0.05497	0.00806	0.00063	0.93635	
0.00028	0.67598	0.00028	0.32346	
0.93489	0.00889	0.05553	0.00069	
0.49721	0.00068	0.32027	0.18184	
0.99613	0.00011	0.00040	0.00336	
0.91868	0.00091	0.00031	0.08009	
0.68182	0.23444	0.03217	0.05158	
0.00042	0.03370	0.01389	0.95199	
0.02563	0.00016	0.97411	0.00010	
0.99661	0.00263	0.00024	0.00052	
0.00033	0.99933	0.00022	0.00012	
0.99933	0.00037	0.00023	0.00007	
0.00065	0.04677	0.00398	0.94860	
0.39207	0.00155	0.60505	0.00133	
0.00346	0.43770	0.18917	0.36967	
>TIGD3_TIGD3_H_cluster_3_G20_M1_C4 /name=cluster_3_G20_M1_C4 /info=2.423 /gc_content=0.554 /consensus=TGCASYTATSCGGM /size=14 
0.07583	0.09652	0.07395	0.75370	
0.06187	0.09739	0.71919	0.12155	
0.09715	0.75328	0.07239	0.07718	
0.74018	0.02999	0.20076	0.02906	
0.01151	0.54681	0.42834	0.01334	
0.02054	0.43008	0.08997	0.45941	
0.00000	0.00000	0.00000	1.00000	
1.00000	0.00000	0.00000	0.00000	
0.16580	0.02033	0.02114	0.79272	
0.01283	0.29725	0.68271	0.00721	
0.00000	1.00000	0.00000	0.00000	
0.22905	0.01561	0.74093	0.01441	
0.05294	0.02489	0.88097	0.04120	
0.27424	0.28543	0.24242	0.19791	
>ZNF362_ZNF362_G_cluster_2_node_1_2motifs /name=cluster_2_node_1_2motifs /info=3.840 /gc_content=0.152 /consensus=AAAAAAAACAAAAAAAA /size=17 
0.68519	0.21605	0.03704	0.06173	
0.71939	0.16327	0.04592	0.07143	
0.80612	0.12245	0.03571	0.03571	
0.87245	0.07143	0.02551	0.03061	
0.95918	0.01020	0.01531	0.01531	
0.94898	0.02041	0.00510	0.02551	
0.96429	0.00000	0.00000	0.03571	
0.98469	0.00000	0.00510	0.01020	
0.00510	0.93367	0.03571	0.02551	
1.00000	0.00000	0.00000	0.00000	
0.95408	0.00510	0.01020	0.03061	
0.94898	0.01531	0.01531	0.02041	
0.95408	0.03061	0.00510	0.01020	
0.85714	0.08163	0.01020	0.05102	
0.83163	0.07143	0.03571	0.06122	
0.68878	0.17857	0.08163	0.05102	
0.66667	0.24691	0.06173	0.02469	
>GABPA_GABPA_G_cluster_1 /name=cluster_1 /info=2.046 /gc_content=0.598 /consensus=CACTTCCGGT /size=10 
0.14182	0.54740	0.16250	0.14828	
0.70751	0.04991	0.21251	0.03007	
0.00748	0.87307	0.02992	0.08954	
0.03173	0.00863	0.01170	0.94794	
0.00667	0.00507	0.00963	0.97863	
0.00633	0.98193	0.00692	0.00481	
0.00496	0.98471	0.00396	0.00637	
0.01122	0.00885	0.83096	0.14897	
0.01925	0.14660	0.78849	0.04566	
0.05443	0.22499	0.09442	0.62616	
>SP140_SP140_G_cluster_2_G20_M5_C9 /name=cluster_2_G20_M5_C9 /info=1.690 /gc_content=0.700 /consensus=GCMSRYASYGMCG /size=13 
0.20796	0.13717	0.58850	0.06637	
0.23451	0.42035	0.18584	0.15929	
0.27434	0.56637	0.07522	0.08407	
0.06524	0.57716	0.32246	0.03513	
0.34003	0.19950	0.29235	0.16813	
0.07277	0.34003	0.06274	0.52447	
0.69636	0.20201	0.02760	0.07403	
0.03388	0.25471	0.69511	0.01631	
0.01882	0.50439	0.03513	0.44166	
0.02760	0.03764	0.90590	0.02886	
0.31117	0.60351	0.07277	0.01255	
0.00000	1.00000	0.00000	0.00000	
0.00000	0.00000	1.00000	0.00000	
>GABPA_GABPA_C_cluster_1_node_1_2motifs_G20_M4_C1 /name=cluster_1_node_1_2motifs_G20_M4_C1 /info=1.919 /gc_content=0.634 /consensus=ACCGGAAGYRMSS /size=13 
0.51006	0.18171	0.24207	0.06616	
0.12906	0.65091	0.20094	0.01909	
0.02449	0.96203	0.00875	0.00473	
0.00000	0.00000	1.00000	0.00000	
0.00000	0.00000	1.00000	0.00000	
1.00000	0.00000	0.00000	0.00000	
0.81320	0.02194	0.01686	0.14800	
0.13005	0.09014	0.77542	0.00439	
0.05975	0.36174	0.06613	0.51238	
0.27266	0.16531	0.45333	0.10869	
0.29369	0.33570	0.22426	0.14635	
0.14512	0.45579	0.26250	0.13659	
0.10133	0.39781	0.36234	0.13851	
>ZNF362_ZNF362_C_cluster_1_G20_M2_C6 /name=cluster_1_G20_M2_C6 /info=5.230 /gc_content=0.275 /consensus=RASMSTCYSTCTCAAAAAAAMAAAAAA /size=27 
0.28148	0.03513	0.66599	0.01739	
0.79187	0.00760	0.01228	0.18825	
0.02145	0.50785	0.41876	0.05194	
0.43394	0.37943	0.00970	0.17692	
0.17343	0.41908	0.38976	0.01773	
0.04735	0.12212	0.02085	0.80968	
0.02178	0.59609	0.17526	0.20687	
0.07083	0.31705	0.05855	0.55357	
0.14536	0.25141	0.54172	0.06151	
0.21374	0.01056	0.13879	0.63691	
0.23644	0.74148	0.01080	0.01128	
0.11014	0.14917	0.21086	0.52983	
0.20558	0.61424	0.00635	0.17383	
0.78985	0.15355	0.03271	0.02389	
0.95282	0.01890	0.00899	0.01929	
0.94583	0.01850	0.01045	0.02522	
0.84782	0.06769	0.03384	0.05065	
1.00000	0.00000	0.00000	0.00000	
1.00000	0.00000	0.00000	0.00000	
1.00000	0.00000	0.00000	0.00000	
0.69630	0.26286	0.00980	0.03103	
1.00000	0.00000	0.00000	0.00000	
1.00000	0.00000	0.00000	0.00000	
1.00000	0.00000	0.00000	0.00000	
1.00000	0.00000	0.00000	0.00000	
1.00000	0.00000	0.00000	0.00000	
1.00000	0.00000	0.00000	0.00000	
>PRDM5_PRDM5_G_cluster_1_node_3_3motifs_G20_M3_C2 /name=cluster_1_node_3_3motifs_G20_M3_C2 /info=3.893 /gc_content=0.679 /consensus=CCMCSRCCACCWBSACCACCRSCWC /size=25 
0.01471	0.73529	0.15441	0.09559	
0.00000	0.98953	0.00262	0.00785	
0.55236	0.26963	0.07068	0.10733	
0.04712	0.59424	0.14398	0.21466	
0.00000	0.68848	0.26702	0.04450	
0.55236	0.17801	0.26963	0.00000	
0.01309	0.67277	0.13874	0.17539	
0.01309	0.80366	0.16754	0.01571	
0.69110	0.23037	0.02356	0.05497	
0.00000	1.00000	0.00000	0.00000	
0.01832	0.93455	0.03141	0.01571	
0.53403	0.14660	0.04188	0.27749	
0.01047	0.37958	0.31414	0.29581	
0.00785	0.54712	0.42408	0.02094	
0.92670	0.02356	0.03403	0.01571	
0.00785	0.79581	0.01832	0.17801	
0.18325	0.78272	0.00000	0.03403	
0.71466	0.13089	0.07330	0.08115	
0.00000	1.00000	0.00000	0.00000	
0.00000	1.00000	0.00000	0.00000	
0.50000	0.01309	0.29058	0.19634	
0.02618	0.51571	0.25393	0.20419	
0.03141	0.84293	0.04188	0.08377	
0.56545	0.11780	0.04450	0.27225	
0.02439	0.54878	0.23984	0.18699	
>ZNF407_ZNF407_G_cluster_1_G20_M1_C5 /name=cluster_1_G20_M1_C5 /info=2.380 /gc_content=0.704 /consensus=RBKACSGWRGSSGRSRMGGSCC /size=22 
0.25210	0.14706	0.47059	0.13025	
0.02014	0.28921	0.43165	0.25899	
0.07338	0.06331	0.27338	0.58993	
0.92230	0.03453	0.02590	0.01727	
0.01727	0.94388	0.01151	0.02734	
0.00432	0.52806	0.46763	0.00000	
0.00288	0.00863	0.98705	0.00144	
0.27914	0.13813	0.10647	0.47626	
0.32950	0.05612	0.53381	0.08058	
0.09640	0.08489	0.76835	0.05036	
0.00863	0.63597	0.33094	0.02446	
0.01295	0.47482	0.41151	0.10072	
0.05612	0.24460	0.58417	0.11511	
0.38273	0.18705	0.31223	0.11799	
0.17266	0.26043	0.47914	0.08777	
0.36259	0.16115	0.40288	0.07338	
0.36672	0.33744	0.22650	0.06934	
0.07786	0.04380	0.84428	0.03406	
0.00457	0.12329	0.77169	0.10046	
0.03653	0.40639	0.36986	0.18721	
0.12785	0.52055	0.19178	0.15982	
0.12329	0.68493	0.12329	0.06849	
>ZNF407_ZNF407_C_cluster_3_G20_M4_C5 /name=cluster_3_G20_M4_C5 /info=2.498 /gc_content=0.828 /consensus=SGGCGGSGRCGGCGSGRSSSSSG /size=23 
0.09830	0.49393	0.32646	0.08131	
0.12864	0.24393	0.54248	0.08495	
0.21117	0.16141	0.57767	0.04976	
0.03034	0.70024	0.24150	0.02791	
0.05340	0.10073	0.80583	0.04005	
0.17708	0.22365	0.51900	0.08027	
0.17402	0.31771	0.39246	0.11581	
0.04718	0.10233	0.82047	0.03002	
0.27788	0.18444	0.30852	0.22917	
0.01961	0.80270	0.16422	0.01348	
0.02911	0.07353	0.87377	0.02359	
0.02175	0.05025	0.69393	0.23407	
0.00000	1.00000	0.00000	0.00000	
0.01471	0.21783	0.75306	0.01440	
0.02022	0.64001	0.32353	0.01624	
0.03309	0.20619	0.72396	0.03676	
0.25460	0.05086	0.67157	0.02298	
0.18321	0.43290	0.33609	0.04779	
0.04289	0.48315	0.42065	0.05331	
0.11336	0.29534	0.48284	0.10846	
0.11305	0.30453	0.49602	0.08640	
0.17476	0.35922	0.37621	0.08981	
0.13350	0.23058	0.52791	0.10801	
>TIGD3_TIGD3_H_cluster_3 /name=cluster_3 /info=2.187 /gc_content=0.491 /consensus=TGCASYTATCCGWW /size=14 
0.07583	0.09652	0.07395	0.75370	
0.08109	0.12765	0.63194	0.15932	
0.11082	0.85898	0.01624	0.01396	
0.86858	0.03522	0.06208	0.03412	
0.01151	0.54681	0.42834	0.01334	
0.02054	0.43008	0.08997	0.45941	
0.02174	0.02006	0.03971	0.91849	
0.85973	0.04883	0.04826	0.04318	
0.16580	0.02033	0.02114	0.79272	
0.03881	0.89708	0.04228	0.02183	
0.03193	0.90342	0.04037	0.02428	
0.17495	0.04085	0.74646	0.03774	
0.35814	0.16886	0.19390	0.27910	
0.44179	0.19199	0.04737	0.31885	
>GABPA_GABPA_C_oligos_6nt_mkv3_m1 /name=oligos_6nt_mkv3_m1 /info=2.273 /gc_content=0.633 /consensus=SVRCCGGAAGTGRSGSSS /size=18 
0.22467	0.26912	0.36138	0.14484	
0.25526	0.28537	0.31166	0.14771	
0.47084	0.18212	0.26864	0.07839	
0.04493	0.80306	0.12763	0.02438	
0.08509	0.87094	0.02820	0.01577	
0.01243	0.01052	0.96701	0.01004	
0.01099	0.00669	0.97563	0.00669	
0.95125	0.02055	0.01816	0.01004	
0.93117	0.02438	0.01864	0.02581	
0.04589	0.02581	0.92256	0.00574	
0.04398	0.10660	0.04015	0.80927	
0.08509	0.14006	0.70219	0.07266	
0.37476	0.24761	0.28633	0.09130	
0.13910	0.49474	0.25239	0.11377	
0.10946	0.21845	0.50670	0.16539	
0.11950	0.30449	0.33031	0.24570	
0.15631	0.35373	0.29732	0.19264	
0.19551	0.28824	0.33078	0.18547	
>ZNF362_ZNF362_C_cluster_1_node_3_4motifs /name=cluster_1_node_3_4motifs /info=5.539 /gc_content=0.270 /consensus=RASMSTCYSTMYYAAAAAWAMAAAAAA /size=27 
0.28148	0.03513	0.66599	0.01739	
0.96374	0.00932	0.01501	0.01193	
0.02145	0.50785	0.41876	0.05194	
0.43394	0.37943	0.00970	0.17692	
0.17343	0.41908	0.38976	0.01773	
0.04735	0.12212	0.02085	0.80968	
0.03174	0.86839	0.03033	0.06953	
0.03177	0.30403	0.01375	0.65044	
0.12716	0.29624	0.55369	0.02291	
0.01666	0.01803	0.00344	0.96187	
0.29993	0.67778	0.00964	0.01266	
0.01715	0.27947	0.00501	0.69838	
0.05299	0.66946	0.00789	0.26965	
0.95780	0.01528	0.00981	0.01711	
0.97677	0.00644	0.00925	0.00754	
0.98217	0.00539	0.00520	0.00724	
0.97898	0.00625	0.00522	0.00955	
0.97144	0.00731	0.00810	0.01315	
0.70384	0.01191	0.00570	0.27855	
0.94298	0.02660	0.01114	0.01928	
0.69630	0.26286	0.00980	0.03103	
0.95808	0.01480	0.01030	0.01681	
0.96937	0.01054	0.00744	0.01265	
0.97617	0.00754	0.00575	0.01054	
0.96675	0.01022	0.00750	0.01553	
0.90602	0.01679	0.01766	0.05953	
0.80684	0.02014	0.02064	0.15239	
>ZNF407_ZNF407_G_cluster_1 /name=cluster_1 /info=2.949 /gc_content=0.694 /consensus=RCTACGGWRGCCGRSRRGGGHC /size=22 
0.25210	0.14706	0.47059	0.13025	
0.05180	0.62158	0.21007	0.11655	
0.08633	0.07482	0.15683	0.68201	
0.92230	0.03453	0.02590	0.01727	
0.01727	0.94388	0.01151	0.02734	
0.01151	0.01727	0.96978	0.00144	
0.00288	0.00863	0.98705	0.00144	
0.39712	0.19856	0.15396	0.25036	
0.32950	0.05612	0.53381	0.08058	
0.09640	0.08489	0.76835	0.05036	
0.01295	0.83022	0.12374	0.03309	
0.02158	0.72518	0.09640	0.15683	
0.05612	0.24460	0.58417	0.11511	
0.38273	0.18705	0.31223	0.11799	
0.17266	0.26043	0.47914	0.08777	
0.36259	0.16115	0.40288	0.07338	
0.48074	0.12789	0.29892	0.09245	
0.07786	0.04380	0.84428	0.03406	
0.01370	0.00457	0.97717	0.00457	
0.08676	0.06393	0.79452	0.05479	
0.26027	0.31507	0.11416	0.31050	
0.12329	0.68493	0.12329	0.06849	
>RORB_RORB_P_oligos_6-7nt_m2_G20_M2_C1 /name=oligos_6-7nt_m2_G20_M2_C1 /info=1.923 /gc_content=0.470 /consensus=AAYTAGGTCAACYV /size=14 
0.67716	0.10056	0.11114	0.11114	
0.54944	0.12589	0.09939	0.22528	
0.18182	0.40404	0.15152	0.26263	
0.05674	0.11348	0.24611	0.58367	
0.78748	0.00000	0.21252	0.00000	
0.00000	0.01010	0.97980	0.01010	
0.00000	0.00000	0.93100	0.06900	
0.02020	0.01010	0.02020	0.94950	
0.00000	0.95243	0.00146	0.04611	
0.91494	0.00000	0.08268	0.00238	
0.59596	0.19192	0.07071	0.14141	
0.16198	0.41049	0.22274	0.20478	
0.14232	0.38624	0.20458	0.26686	
0.25253	0.25253	0.29293	0.20202	
>ZNF407_ZNF407_C_cluster_3 /name=cluster_3 /info=2.652 /gc_content=0.866 /consensus=SGGSGGSGGSGGSGSGGSSSSSG /size=23 
0.12015	0.38107	0.39927	0.09951	
0.12864	0.24393	0.54248	0.08495	
0.21117	0.16141	0.57767	0.04976	
0.04854	0.53155	0.37500	0.04490	
0.05340	0.10073	0.80583	0.04005	
0.09835	0.24479	0.56863	0.08824	
0.17402	0.31771	0.39246	0.11581	
0.04718	0.10233	0.82047	0.03002	
0.03523	0.06924	0.86918	0.02635	
0.04350	0.56403	0.36244	0.03002	
0.02911	0.07353	0.87377	0.02359	
0.02788	0.06434	0.88480	0.02298	
0.03738	0.53309	0.39890	0.03064	
0.01808	0.04412	0.92004	0.01777	
0.03217	0.42953	0.51256	0.02574	
0.03309	0.20619	0.72396	0.03676	
0.04259	0.06556	0.86213	0.02972	
0.06985	0.49295	0.38266	0.05453	
0.05484	0.34038	0.53646	0.06832	
0.11336	0.29534	0.48284	0.10846	
0.11305	0.30453	0.49602	0.08640	
0.09466	0.39320	0.41262	0.09951	
0.13350	0.23058	0.52791	0.10801	
>RORB_RORB_H_cluster_4_G20_M4_C10 /name=cluster_4_G20_M4_C10 /info=1.485 /gc_content=0.700 /consensus=CSKYGACGYAC /size=11 
0.09952	0.62961	0.21065	0.06022	
0.03972	0.64423	0.27478	0.04126	
0.10422	0.16489	0.42886	0.30203	
0.00377	0.65871	0.00312	0.33440	
0.06602	0.10472	0.78017	0.04908	
0.79877	0.12264	0.03350	0.04509	
0.00000	1.00000	0.00000	0.00000	
0.00878	0.10526	0.87704	0.00892	
0.04404	0.40648	0.19167	0.35781	
0.61423	0.22055	0.07857	0.08666	
0.13583	0.64873	0.11435	0.10108	
>LEF1_LEF1_H_cluster_3_G20_M3_C2 /name=cluster_3_G20_M3_C2 /info=1.354 /gc_content=0.689 /consensus=CSCCMCCCMCCCCCSCRSCG /size=20 
0.01556	0.93793	0.02570	0.02081	
0.00824	0.55520	0.42485	0.01171	
0.15562	0.41083	0.21505	0.21850	
0.16327	0.40800	0.19433	0.23440	
0.38106	0.30874	0.13339	0.17680	
0.16230	0.42763	0.18474	0.22533	
0.17201	0.42822	0.18962	0.21015	
0.17118	0.42989	0.18092	0.21801	
0.30444	0.35361	0.15716	0.18480	
0.16316	0.43780	0.18195	0.21710	
0.12491	0.47050	0.23911	0.16547	
0.16886	0.41231	0.20178	0.21704	
0.16219	0.42466	0.20022	0.21292	
0.16846	0.41952	0.20114	0.21088	
0.14058	0.32554	0.36900	0.16488	
0.16472	0.43295	0.17694	0.22539	
0.27418	0.17998	0.45852	0.08731	
0.13880	0.39261	0.29553	0.17306	
0.00000	1.00000	0.00000	0.00000	
0.00000	0.00000	1.00000	0.00000	
>TIGD3_TIGD3_P_dyads_test_vs_ctrl_m2_G20_M1_C2 /name=dyads_test_vs_ctrl_m2_G20_M1_C2 /info=2.013 /gc_content=0.320 /consensus=KRATTATTCARTWA /size=14 
0.24390	0.20732	0.28049	0.26829	
0.25073	0.21122	0.39597	0.14208	
0.40353	0.17171	0.23497	0.18979	
0.17855	0.16692	0.08055	0.57398	
0.00186	0.00371	0.00371	0.99072	
1.00000	0.00000	0.00000	0.00000	
0.00000	0.00000	0.00000	1.00000	
0.00719	0.00000	0.24492	0.74789	
0.00000	1.00000	0.00000	0.00000	
0.92682	0.02439	0.03659	0.01220	
0.27349	0.09952	0.51752	0.10947	
0.24257	0.19736	0.10700	0.45307	
0.32927	0.14634	0.24390	0.28049	
0.74962	0.05122	0.06082	0.13834	
>RORB_RORB_P_oligos_6-7nt_m2 /name=oligos_6-7nt_m2 /info=1.939 /gc_content=0.520 /consensus=AWYTGGGTCAAGYV /size=14 
0.38384	0.19192	0.21212	0.21212	
0.31313	0.19192	0.15152	0.34343	
0.18182	0.40404	0.15152	0.26263	
0.07071	0.14141	0.06061	0.72727	
0.16162	0.00000	0.83838	0.00000	
0.00000	0.01010	0.97980	0.01010	
0.00000	0.01010	0.98990	0.00000	
0.02020	0.01010	0.02020	0.94950	
0.00000	0.98990	0.01010	0.00000	
0.95960	0.00000	0.03030	0.01010	
0.59596	0.19192	0.07071	0.14141	
0.24242	0.21212	0.33333	0.21212	
0.16162	0.30303	0.23232	0.30303	
0.25253	0.25253	0.29293	0.20202	
>LEF1_LEF1_P_dyads_test_vs_ctrl_m1_G20_M1_C7 /name=dyads_test_vs_ctrl_m1_G20_M1_C7 /info=1.761 /gc_content=0.383 /consensus=RYAWSATCAAASRWAT /size=16 
0.25984	0.19487	0.32090	0.22439	
0.23881	0.29851	0.20896	0.25373	
0.58320	0.09121	0.11501	0.21058	
0.61453	0.04061	0.06673	0.27813	
0.03612	0.50774	0.40647	0.04967	
0.80112	0.00337	0.00000	0.19551	
0.08534	0.00000	0.00000	0.91466	
0.04478	0.85074	0.05224	0.05224	
0.95523	0.00746	0.00000	0.03731	
0.93283	0.01493	0.02239	0.02985	
0.77732	0.00000	0.18537	0.03731	
0.12575	0.40856	0.45301	0.01269	
0.31542	0.13328	0.44226	0.10905	
0.30972	0.23049	0.17287	0.28692	
0.30597	0.23881	0.24627	0.20896	
0.18808	0.19416	0.21843	0.39933	
>LEF1_LEF1_P_oligos_6-7nt_m2 /name=oligos_6-7nt_m2 /info=1.955 /gc_content=0.417 /consensus=WHDACATCAAAGGSSY /size=16 
0.32283	0.22047	0.20472	0.25197	
0.29921	0.25984	0.18898	0.25197	
0.29921	0.19685	0.25197	0.25197	
0.60630	0.08661	0.14961	0.15748	
0.06299	0.60630	0.22047	0.11024	
0.81891	0.00787	0.00787	0.16535	
0.03150	0.00787	0.00787	0.95276	
0.04724	0.86615	0.04724	0.03937	
0.97638	0.00000	0.00000	0.02362	
0.94488	0.00000	0.01575	0.03937	
0.94488	0.00000	0.03150	0.02362	
0.07874	0.07874	0.81102	0.03150	
0.16535	0.17323	0.58268	0.07874	
0.17323	0.33071	0.27559	0.22047	
0.23622	0.29921	0.25984	0.20472	
0.22047	0.25984	0.22835	0.29134	
>PRDM5_PRDM5_C_cluster_10_G20_M5_C8 /name=cluster_10_G20_M5_C8 /info=2.021 /gc_content=0.800 /consensus=VSCGCRVSSSCCSCSKCGSS /size=20 
0.35712	0.28389	0.26788	0.09112	
0.08274	0.56871	0.27738	0.07117	
0.00000	1.00000	0.00000	0.00000	
0.02717	0.02967	0.92621	0.01695	
0.02142	0.70382	0.24846	0.02630	
0.35115	0.23633	0.33335	0.07917	
0.35831	0.25812	0.30030	0.08327	
0.12070	0.40881	0.35008	0.12042	
0.06107	0.37175	0.49604	0.07114	
0.11157	0.28586	0.37835	0.22423	
0.06720	0.66267	0.19427	0.07586	
0.04256	0.77974	0.14118	0.03652	
0.12045	0.35043	0.40852	0.12060	
0.06201	0.69025	0.19158	0.05616	
0.10847	0.45580	0.32275	0.11297	
0.02079	0.04753	0.55736	0.37432	
0.01370	0.73884	0.22582	0.02164	
0.02057	0.07614	0.88312	0.02017	
0.10750	0.41847	0.34914	0.12489	
0.10822	0.44551	0.33695	0.10931	
>NACC2_NACC2_S_cluster_4_G19_M1_C9 /name=cluster_4_G19_M1_C9 /info=1.126 /gc_content=0.548 /consensus=CGYRTAAY /size=8 
0.00000	1.00000	0.00000	0.00000	
0.00000	0.00000	1.00000	0.00000	
0.12940	0.44718	0.08451	0.33891	
0.29577	0.02729	0.59507	0.08187	
0.02641	0.19278	0.03081	0.75000	
0.57130	0.10651	0.11620	0.20599	
0.65493	0.02553	0.17430	0.14525	
0.14965	0.45599	0.12500	0.26937	
>PRDM5_PRDM5_G_cluster_1_node_3_3motifs /name=cluster_1_node_3_3motifs /info=4.568 /gc_content=0.619 /consensus=CCACCACCACCWBCACCACCWSCAC /size=25 
0.01471	0.73529	0.15441	0.09559	
0.02356	0.84031	0.04188	0.09424	
0.67277	0.10733	0.08639	0.13351	
0.04712	0.59424	0.14398	0.21466	
0.00262	0.91361	0.02356	0.06021	
0.90576	0.01047	0.07853	0.00524	
0.01571	0.75654	0.02880	0.19895	
0.01832	0.96073	0.00000	0.02094	
0.89005	0.00524	0.03141	0.07330	
0.00000	0.86387	0.06545	0.07068	
0.01832	0.93455	0.03141	0.01571	
0.60995	0.02094	0.04974	0.31937	
0.01047	0.37958	0.31414	0.29581	
0.01571	0.89529	0.04974	0.03927	
0.92670	0.02356	0.03403	0.01571	
0.00785	0.79581	0.01832	0.17801	
0.01309	0.94241	0.00262	0.04188	
0.80105	0.02094	0.08377	0.09424	
0.00262	0.86911	0.01309	0.11518	
0.01309	0.94241	0.01832	0.02618	
0.67016	0.01832	0.04712	0.26440	
0.02618	0.51571	0.25393	0.20419	
0.03141	0.84293	0.04188	0.08377	
0.73560	0.07068	0.06021	0.13351	
0.03252	0.63008	0.11789	0.21951	
>RORB_RORB_S_cluster_4_G20_M1_C8 /name=cluster_4_G20_M1_C8 /info=1.019 /gc_content=0.581 /consensus=CGYAYGV /size=7 
0.00000	1.00000	0.00000	0.00000	
0.00000	0.00000	1.00000	0.00000	
0.02731	0.25293	0.02898	0.69078	
0.82347	0.00479	0.02635	0.14539	
0.16503	0.40862	0.11808	0.30826	
0.16096	0.21198	0.40455	0.22251	
0.29868	0.32216	0.28958	0.08958	
>PRDM5_PRDM5_C_cluster_10 /name=cluster_10 /info=1.927 /gc_content=0.823 /consensus=SSCGCSSSSSSSSSSGCGSS /size=20 
0.12542	0.38617	0.36440	0.12401	
0.12479	0.34949	0.41834	0.10738	
0.02017	0.88346	0.07583	0.02054	
0.02717	0.02967	0.92621	0.01695	
0.02642	0.86717	0.07398	0.03243	
0.11316	0.32300	0.45561	0.10822	
0.10556	0.35978	0.41853	0.11613	
0.12070	0.40881	0.35008	0.12042	
0.10043	0.38836	0.39420	0.11701	
0.12761	0.32685	0.43263	0.11291	
0.11300	0.43273	0.32669	0.12758	
0.11704	0.39455	0.38801	0.10040	
0.12045	0.35043	0.40852	0.12060	
0.11632	0.41887	0.35940	0.10541	
0.10847	0.45580	0.32275	0.11297	
0.03243	0.07398	0.86723	0.02636	
0.01720	0.92596	0.02971	0.02714	
0.02057	0.07614	0.88312	0.02017	
0.10750	0.41847	0.34914	0.12489	
0.12404	0.36453	0.38614	0.12529	
>TIGD3_TIGD3_S_cluster_2_node_2_2motifs_G20_M5_C2 /name=cluster_2_node_2_2motifs_G20_M5_C2 /info=2.513 /gc_content=0.752 /consensus=CCCSCGCCCMYYMCSCSSRT /size=20 
0.21667	0.68125	0.05625	0.04583	
0.09583	0.78750	0.07292	0.04375	
0.06667	0.64792	0.23125	0.05417	
0.21667	0.42500	0.27917	0.07917	
0.00000	1.00000	0.00000	0.00000	
0.00000	0.00000	1.00000	0.00000	
0.07708	0.80208	0.06042	0.06042	
0.07917	0.62292	0.25000	0.04792	
0.03958	0.87708	0.03750	0.04583	
0.26458	0.52917	0.16250	0.04375	
0.08333	0.46042	0.08125	0.37500	
0.24792	0.38958	0.05000	0.31250	
0.32500	0.53750	0.08958	0.04792	
0.16250	0.71042	0.06667	0.06042	
0.05625	0.58125	0.30833	0.05417	
0.08333	0.80208	0.05833	0.05625	
0.06458	0.63125	0.25417	0.05000	
0.06250	0.61458	0.25000	0.07292	
0.56458	0.08958	0.27708	0.06875	
0.13958	0.17292	0.08750	0.60000	
>NACC2_NACC2_P_oligos_6-7nt_m3_G20_M5_C2 /name=oligos_6-7nt_m3_G20_M5_C2 /info=1.619 /gc_content=0.359 /consensus=DMYTMACATRTGWKA /size=15 
0.29577	0.11374	0.29577	0.29471	
0.34037	0.26797	0.18552	0.20613	
0.17073	0.34146	0.14634	0.34146	
0.14634	0.07317	0.07317	0.70732	
0.32565	0.40639	0.04650	0.22146	
0.85366	0.02439	0.04878	0.07317	
0.03776	0.69861	0.01888	0.24475	
0.80517	0.00000	0.19483	0.00000	
0.02003	0.19852	0.00000	0.78145	
0.41191	0.01507	0.57302	0.00000	
0.04878	0.02439	0.02439	0.90244	
0.14125	0.01085	0.79902	0.04888	
0.35927	0.00000	0.04954	0.59119	
0.21341	0.13580	0.27162	0.37916	
0.43720	0.17054	0.17054	0.22171	
>SP140_SP140_C_positions_6nt_m2_G20_M3_C7 /name=positions_6nt_m2_G20_M3_C7 /info=1.908 /gc_content=0.261 /consensus=MYATWCRATT /size=10 
0.57642	0.32227	0.04535	0.05596	
0.20986	0.46374	0.04610	0.28031	
0.96531	0.00816	0.01837	0.00816	
0.00000	0.00000	0.00000	1.00000	
0.27532	0.00314	0.00000	0.72154	
0.09286	0.82542	0.00000	0.08172	
0.40149	0.00000	0.59851	0.00000	
1.00000	0.00000	0.00000	0.00000	
0.00000	0.07832	0.00000	0.92168	
0.14189	0.01891	0.17974	0.65946	
>NFKB1_NFKB1_S_cluster_4_G20_M4_C5 /name=cluster_4_G20_M4_C5 /info=1.743 /gc_content=0.666 /consensus=MGGSGMMKYACG /size=12 
0.32132	0.42590	0.14954	0.10324	
0.01246	0.10094	0.87430	0.01230	
0.06152	0.20495	0.71574	0.01779	
0.01661	0.31491	0.62624	0.04224	
0.08541	0.19111	0.68493	0.03855	
0.54539	0.27067	0.15333	0.03060	
0.59963	0.27882	0.03399	0.08756	
0.09089	0.08089	0.46050	0.36771	
0.05747	0.35275	0.03512	0.55467	
0.95181	0.03614	0.00395	0.00810	
0.00000	1.00000	0.00000	0.00000	
0.00000	0.16845	0.83155	0.00000	
>LEF1_LEF1_S_cluster_1_node_2_2motifs_G20_M5_C2 /name=cluster_1_node_2_2motifs_G20_M5_C2 /info=3.546 /gc_content=0.592 /consensus=CGMGSTCKTCSGATCATGGRGM /size=22 
0.00000	1.00000	0.00000	0.00000	
0.00000	0.00000	1.00000	0.00000	
0.60396	0.34653	0.02970	0.01980	
0.00990	0.15182	0.82838	0.00990	
0.00660	0.72607	0.26403	0.00330	
0.00660	0.02640	0.21122	0.75578	
0.01650	0.92079	0.02970	0.03300	
0.01320	0.01980	0.28383	0.68317	
0.20792	0.00990	0.01320	0.76898	
0.02310	0.94059	0.01650	0.01980	
0.00000	0.74587	0.25413	0.00000	
0.00000	0.00000	1.00000	0.00000	
0.88779	0.04950	0.02640	0.03630	
0.03630	0.04290	0.03630	0.88449	
0.06931	0.76238	0.09571	0.07261	
0.75578	0.05281	0.12211	0.06931	
0.23762	0.11221	0.09571	0.55446	
0.24752	0.18482	0.38614	0.18152	
0.19802	0.15182	0.45875	0.19142	
0.48845	0.11551	0.31683	0.07921	
0.17492	0.16502	0.44224	0.21782	
0.30363	0.37954	0.20462	0.11221	
