AC  NACC2_H_cluster_1_G20_M3_C9
XX
ID  cluster_1_G20_M3_C9
XX
DE  ATGTyArAAATGACATry
P0           a         c         g         t
1      0.66562   0.01260   0.25803   0.06375
2      0.19313   0.07710   0.07993   0.64984
3      0.00106   0.18623   0.81243   0.00027
4      0.16627   0.00711   0.00055   0.82607
5      0.00028   0.67598   0.00028   0.32346
6      0.69558   0.00662   0.29729   0.00051
7      0.27642   0.44444   0.17805   0.10109
8      0.89205   0.00010   0.10484   0.00301
9      0.57773   0.37171   0.00020   0.05037
10     0.68182   0.23444   0.03217   0.05158
11     0.00034   0.23246   0.01103   0.75617
12     0.02563   0.00016   0.97411   0.00010
13     0.74294   0.00196   0.05704   0.19805
14     0.00000   1.00000   0.00000   0.00000
15     0.77555   0.00029   0.22411   0.00005
16     0.00065   0.04677   0.00398   0.94860
17     0.39207   0.00155   0.60505   0.00133
18     0.00346   0.43770   0.18917   0.36967
XX
CC  residue_type: 
CC  program: transfac
CC  matrix.nb: 1
CC  accession: NACC2_H_cluster_1_G20_M3_C9
CC  AC: NACC2_H_cluster_1_G20_M3_C9
CC  id: NACC2_H_cluster_1_G20_M3_C9
CC  name: cluster_1_G20_M3_C9
CC  version: 
CC  name: cluster_1_G20_M3_C9
CC  description: ATGTyArAAATGACATry
CC  transfac_consensus: 
CC  matrix.nb: 1
XX
//
AC  ZNF362_G_dyads_m1_G20_M5_C9
XX
ID  dyads_m1_G20_M5_C9
XX
DE  mACAACAAaAAmAAmAAAmAA
P0           a         c         g         t
1      0.66667   0.33333   0.00000   0.00000
2      0.90526   0.09474   0.00000   0.00000
3      0.20995   0.73485   0.05520   0.00000
4      0.78237   0.00000   0.00000   0.21763
5      0.48619   0.16062   0.26815   0.08504
6      0.40646   0.59354   0.00000   0.00000
7      0.67398   0.32602   0.00000   0.00000
8      0.94941   0.00000   0.00000   0.05059
9      0.66667   0.22222   0.00000   0.11111
10     0.90147   0.00000   0.09853   0.00000
11     0.93008   0.00000   0.00000   0.06992
12     0.33333   0.66667   0.00000   0.00000
13     0.78319   0.21681   0.00000   0.00000
14     1.00000   0.00000   0.00000   0.00000
15     0.33333   0.66667   0.00000   0.00000
16     0.87102   0.00000   0.12898   0.00000
17     0.88889   0.00000   0.11111   0.00000
18     0.69608   0.08700   0.00000   0.21692
19     0.35796   0.44746   0.19458   0.00000
20     0.80898   0.08990   0.10112   0.00000
21     0.77778   0.22222   0.00000   0.00000
XX
CC  residue_type: 
CC  program: transfac
CC  matrix.nb: 2
CC  accession: ZNF362_G_dyads_m1_G20_M5_C9
CC  AC: ZNF362_G_dyads_m1_G20_M5_C9
CC  id: ZNF362_G_dyads_m1_G20_M5_C9
CC  name: dyads_m1_G20_M5_C9
CC  version: 
CC  name: dyads_m1_G20_M5_C9
CC  description: mACAACAAaAAmAAmAAAmAA
CC  transfac_consensus: 
CC  matrix.nb: 2
XX
//
AC  GABPA_G_cluster_1_G19_M4_C9
XX
ID  cluster_1_G19_M4_C9
XX
DE  csbcACTTCCGGttyss
P0           a         c         g         t
1      0.13324   0.25642   0.07607   0.53426
2      0.53907   0.27616   0.16189   0.02288
3      0.00385   0.74939   0.16452   0.08224
4      0.03173   0.00863   0.01170   0.94794
5      0.00667   0.00507   0.00963   0.97863
6      0.00000   1.00000   0.00000   0.00000
7      0.00496   0.98471   0.00396   0.00637
8      0.00322   0.00255   0.95112   0.04310
9      0.00900   0.19492   0.54355   0.25254
10     0.04340   0.38195   0.07528   0.49937
XX
CC  residue_type: 
CC  program: transfac
CC  matrix.nb: 3
CC  accession: GABPA_G_cluster_1_G19_M4_C9
CC  AC: GABPA_G_cluster_1_G19_M4_C9
CC  id: GABPA_G_cluster_1_G19_M4_C9
CC  name: cluster_1_G19_M4_C9
CC  version: 
CC  name: cluster_1_G19_M4_C9
CC  description: csbcACTTCCGGttyss
CC  transfac_consensus: 
CC  matrix.nb: 3
XX
//
AC  TIGD3_H_cluster_3_G20_M1_C4
XX
ID  cluster_3_G20_M1_C4
XX
DE  TgCAsyTATCCGww
P0           a         c         g         t
1      0.07583   0.09652   0.07395   0.75370
2      0.06187   0.09739   0.71919   0.12155
3      0.09715   0.75328   0.07239   0.07718
4      0.74018   0.02999   0.20076   0.02906
5      0.01151   0.54681   0.42834   0.01334
6      0.02054   0.43008   0.08997   0.45941
7      0.00000   0.00000   0.00000   1.00000
8      1.00000   0.00000   0.00000   0.00000
9      0.16580   0.02033   0.02114   0.79272
10     0.01283   0.29725   0.68271   0.00721
11     0.00000   1.00000   0.00000   0.00000
12     0.22905   0.01561   0.74093   0.01441
13     0.05294   0.02489   0.88097   0.04120
14     0.27424   0.28543   0.24242   0.19791
XX
CC  residue_type: 
CC  program: transfac
CC  matrix.nb: 4
CC  accession: TIGD3_H_cluster_3_G20_M1_C4
CC  AC: TIGD3_H_cluster_3_G20_M1_C4
CC  id: TIGD3_H_cluster_3_G20_M1_C4
CC  name: cluster_3_G20_M1_C4
CC  version: 
CC  name: cluster_3_G20_M1_C4
CC  description: TgCAsyTATCCGww
CC  transfac_consensus: 
CC  matrix.nb: 4
XX
//
AC  SP140_G_cluster_2_G20_M5_C9
XX
ID  cluster_2_G20_M5_C9
XX
DE  gcaaCgryAGTGmCGgmrv
P0           a         c         g         t
1      0.20796   0.13717   0.58850   0.06637
2      0.23451   0.42035   0.18584   0.15929
3      0.27434   0.56637   0.07522   0.08407
4      0.06524   0.57716   0.32246   0.03513
5      0.34003   0.19950   0.29235   0.16813
6      0.07277   0.34003   0.06274   0.52447
7      0.69636   0.20201   0.02760   0.07403
8      0.03388   0.25471   0.69511   0.01631
9      0.01882   0.50439   0.03513   0.44166
10     0.02760   0.03764   0.90590   0.02886
11     0.31117   0.60351   0.07277   0.01255
12     0.00000   1.00000   0.00000   0.00000
13     0.00000   0.00000   1.00000   0.00000
XX
CC  residue_type: 
CC  program: transfac
CC  matrix.nb: 5
CC  accession: SP140_G_cluster_2_G20_M5_C9
CC  AC: SP140_G_cluster_2_G20_M5_C9
CC  id: SP140_G_cluster_2_G20_M5_C9
CC  name: cluster_2_G20_M5_C9
CC  version: 
CC  name: cluster_2_G20_M5_C9
CC  description: gcaaCgryAGTGmCGgmrv
CC  transfac_consensus: 
CC  matrix.nb: 5
XX
//
AC  PRDM5_G_cluster_1_node_3_3motifs_G20_M3_C2
XX
ID  cluster_1_node_3_3motifs_G20_M3_C2
XX
DE  CCacCACCACCwbCACCACCwsCAc
P0           a         c         g         t
1      0.01471   0.73529   0.15441   0.09559
2      0.00000   0.98953   0.00262   0.00785
3      0.55236   0.26963   0.07068   0.10733
4      0.04712   0.59424   0.14398   0.21466
5      0.00000   0.68848   0.26702   0.04450
6      0.55236   0.17801   0.26963   0.00000
7      0.01309   0.67277   0.13874   0.17539
8      0.01309   0.80366   0.16754   0.01571
9      0.69110   0.23037   0.02356   0.05497
10     0.00000   1.00000   0.00000   0.00000
11     0.01832   0.93455   0.03141   0.01571
12     0.53403   0.14660   0.04188   0.27749
13     0.01047   0.37958   0.31414   0.29581
14     0.00785   0.54712   0.42408   0.02094
15     0.92670   0.02356   0.03403   0.01571
16     0.00785   0.79581   0.01832   0.17801
17     0.18325   0.78272   0.00000   0.03403
18     0.71466   0.13089   0.07330   0.08115
19     0.00000   1.00000   0.00000   0.00000
20     0.00000   1.00000   0.00000   0.00000
21     0.50000   0.01309   0.29058   0.19634
22     0.02618   0.51571   0.25393   0.20419
23     0.03141   0.84293   0.04188   0.08377
24     0.56545   0.11780   0.04450   0.27225
25     0.02439   0.54878   0.23984   0.18699
XX
CC  residue_type: 
CC  program: transfac
CC  matrix.nb: 6
CC  accession: PRDM5_G_cluster_1_node_3_3motifs_G20_M3_C2
CC  AC: PRDM5_G_cluster_1_node_3_3motifs_G20_M3_C2
CC  id: PRDM5_G_cluster_1_node_3_3motifs_G20_M3_C2
CC  name: cluster_1_node_3_3motifs_G20_M3_C2
CC  version: 
CC  name: cluster_1_node_3_3motifs_G20_M3_C2
CC  description: CCacCACCACCwbCACCACCwsCAc
CC  transfac_consensus: 
CC  matrix.nb: 6
XX
//
AC  ZNF407_G_cluster_1_G20_M1_C5
XX
ID  cluster_1_G20_M1_C5
XX
DE  ssrrcTACGGwrGCCgrsrrGGGhC
P0           a         c         g         t
1      0.25210   0.14706   0.47059   0.13025
2      0.02014   0.28921   0.43165   0.25899
3      0.07338   0.06331   0.27338   0.58993
4      0.92230   0.03453   0.02590   0.01727
5      0.01727   0.94388   0.01151   0.02734
6      0.00432   0.52806   0.46763   0.00000
7      0.00288   0.00863   0.98705   0.00144
8      0.27914   0.13813   0.10647   0.47626
9      0.32950   0.05612   0.53381   0.08058
10     0.09640   0.08489   0.76835   0.05036
11     0.00863   0.63597   0.33094   0.02446
12     0.01295   0.47482   0.41151   0.10072
13     0.05612   0.24460   0.58417   0.11511
14     0.38273   0.18705   0.31223   0.11799
15     0.17266   0.26043   0.47914   0.08777
16     0.36259   0.16115   0.40288   0.07338
17     0.36672   0.33744   0.22650   0.06934
18     0.07786   0.04380   0.84428   0.03406
19     0.00457   0.12329   0.77169   0.10046
20     0.03653   0.40639   0.36986   0.18721
21     0.12785   0.52055   0.19178   0.15982
22     0.12329   0.68493   0.12329   0.06849
XX
CC  residue_type: 
CC  program: transfac
CC  matrix.nb: 7
CC  accession: ZNF407_G_cluster_1_G20_M1_C5
CC  AC: ZNF407_G_cluster_1_G20_M1_C5
CC  id: ZNF407_G_cluster_1_G20_M1_C5
CC  name: cluster_1_G20_M1_C5
CC  version: 
CC  name: cluster_1_G20_M1_C5
CC  description: ssrrcTACGGwrGCCgrsrrGGGhC
CC  transfac_consensus: 
CC  matrix.nb: 7
XX
//
AC  RORB_P_oligos_6-7nt_m2_G20_M2_C1
XX
ID  oligos_6-7nt_m2_G20_M2_C1
XX
DE  AAyTAGGTCAAcyv
P0           a         c         g         t
1      0.67716   0.10056   0.11114   0.11114
2      0.54944   0.12589   0.09939   0.22528
3      0.18182   0.40404   0.15152   0.26263
4      0.05674   0.11348   0.24611   0.58367
5      0.78748   0.00000   0.21252   0.00000
6      0.00000   0.01010   0.97980   0.01010
7      0.00000   0.00000   0.93100   0.06900
8      0.02020   0.01010   0.02020   0.94950
9      0.00000   0.95243   0.00146   0.04611
10     0.91494   0.00000   0.08268   0.00238
11     0.59596   0.19192   0.07071   0.14141
12     0.16198   0.41049   0.22274   0.20478
13     0.14232   0.38624   0.20458   0.26686
14     0.25253   0.25253   0.29293   0.20202
XX
CC  residue_type: 
CC  program: transfac
CC  matrix.nb: 8
CC  accession: RORB_P_oligos_6-7nt_m2_G20_M2_C1
CC  AC: RORB_P_oligos_6-7nt_m2_G20_M2_C1
CC  id: RORB_P_oligos_6-7nt_m2_G20_M2_C1
CC  name: oligos_6-7nt_m2_G20_M2_C1
CC  version: 
CC  name: oligos_6-7nt_m2_G20_M2_C1
CC  description: AAyTAGGTCAAcyv
CC  transfac_consensus: 
CC  matrix.nb: 8
XX
//
AC  LEF1_H_cluster_3_G20_M3_C2
XX
ID  cluster_3_G20_M3_C2
XX
DE  ccCCycccccccccccccgCCsyc
P0           a         c         g         t
1      0.01556   0.93793   0.02570   0.02081
2      0.00824   0.55520   0.42485   0.01171
3      0.15562   0.41083   0.21505   0.21850
4      0.16327   0.40800   0.19433   0.23440
5      0.38106   0.30874   0.13339   0.17680
6      0.16230   0.42763   0.18474   0.22533
7      0.17201   0.42822   0.18962   0.21015
8      0.17118   0.42989   0.18092   0.21801
9      0.30444   0.35361   0.15716   0.18480
10     0.16316   0.43780   0.18195   0.21710
11     0.12491   0.47050   0.23911   0.16547
12     0.16886   0.41231   0.20178   0.21704
13     0.16219   0.42466   0.20022   0.21292
14     0.16846   0.41952   0.20114   0.21088
15     0.14058   0.32554   0.36900   0.16488
16     0.16472   0.43295   0.17694   0.22539
17     0.27418   0.17998   0.45852   0.08731
18     0.13880   0.39261   0.29553   0.17306
19     0.00000   1.00000   0.00000   0.00000
20     0.00000   0.00000   1.00000   0.00000
XX
CC  residue_type: 
CC  program: transfac
CC  matrix.nb: 9
CC  accession: LEF1_H_cluster_3_G20_M3_C2
CC  AC: LEF1_H_cluster_3_G20_M3_C2
CC  id: LEF1_H_cluster_3_G20_M3_C2
CC  name: cluster_3_G20_M3_C2
CC  version: 
CC  name: cluster_3_G20_M3_C2
CC  description: ccCCycccccccccccccgCCsyc
CC  transfac_consensus: 
CC  matrix.nb: 9
XX
//
AC  LEF1_P_dyads_test_vs_ctrl_m1_G20_M1_C7
XX
ID  dyads_test_vs_ctrl_m1_G20_M1_C7
XX
DE  ryAWSATCAAAsrwat
P0           a         c         g         t
1      0.25984   0.19487   0.32090   0.22439
2      0.23881   0.29851   0.20896   0.25373
3      0.58320   0.09121   0.11501   0.21058
4      0.61453   0.04061   0.06673   0.27813
5      0.03612   0.50774   0.40647   0.04967
6      0.80112   0.00337   0.00000   0.19551
7      0.08534   0.00000   0.00000   0.91466
8      0.04478   0.85074   0.05224   0.05224
9      0.95523   0.00746   0.00000   0.03731
10     0.93283   0.01493   0.02239   0.02985
11     0.77732   0.00000   0.18537   0.03731
12     0.12575   0.40856   0.45301   0.01269
13     0.31542   0.13328   0.44226   0.10905
14     0.30972   0.23049   0.17287   0.28692
15     0.30597   0.23881   0.24627   0.20896
16     0.18808   0.19416   0.21843   0.39933
XX
CC  residue_type: 
CC  program: transfac
CC  matrix.nb: 10
CC  accession: LEF1_P_dyads_test_vs_ctrl_m1_G20_M1_C7
CC  AC: LEF1_P_dyads_test_vs_ctrl_m1_G20_M1_C7
CC  id: LEF1_P_dyads_test_vs_ctrl_m1_G20_M1_C7
CC  name: dyads_test_vs_ctrl_m1_G20_M1_C7
CC  version: 
CC  name: dyads_test_vs_ctrl_m1_G20_M1_C7
CC  description: ryAWSATCAAAsrwat
CC  transfac_consensus: 
CC  matrix.nb: 10
XX
//
AC  ZNF407_C_cluster_3_G20_M4_C5
XX
ID  cluster_3_G20_M4_C5
XX
DE  sggsGgsGGsGGsGsGGsssssg
P0           a         c         g         t
1      0.09830   0.49393   0.32646   0.08131
2      0.12864   0.24393   0.54248   0.08495
3      0.21117   0.16141   0.57767   0.04976
4      0.03034   0.70024   0.24150   0.02791
5      0.05340   0.10073   0.80583   0.04005
6      0.17708   0.22365   0.51900   0.08027
7      0.17402   0.31771   0.39246   0.11581
8      0.04718   0.10233   0.82047   0.03002
9      0.27788   0.18444   0.30852   0.22917
10     0.01961   0.80270   0.16422   0.01348
11     0.02911   0.07353   0.87377   0.02359
12     0.02175   0.05025   0.69393   0.23407
13     0.00000   1.00000   0.00000   0.00000
14     0.01471   0.21783   0.75306   0.01440
15     0.02022   0.64001   0.32353   0.01624
16     0.03309   0.20619   0.72396   0.03676
17     0.25460   0.05086   0.67157   0.02298
18     0.18321   0.43290   0.33609   0.04779
19     0.04289   0.48315   0.42065   0.05331
20     0.11336   0.29534   0.48284   0.10846
21     0.11305   0.30453   0.49602   0.08640
22     0.17476   0.35922   0.37621   0.08981
23     0.13350   0.23058   0.52791   0.10801
XX
CC  residue_type: 
CC  program: transfac
CC  matrix.nb: 11
CC  accession: ZNF407_C_cluster_3_G20_M4_C5
CC  AC: ZNF407_C_cluster_3_G20_M4_C5
CC  id: ZNF407_C_cluster_3_G20_M4_C5
CC  name: cluster_3_G20_M4_C5
CC  version: 
CC  name: cluster_3_G20_M4_C5
CC  description: sggsGgsGGsGGsGsGGsssssg
CC  transfac_consensus: 
CC  matrix.nb: 11
XX
//
AC  RORB_H_cluster_4_G20_M4_C10
XX
ID  cluster_4_G20_M4_C10
XX
DE  scCCyTGACCymc
P0           a         c         g         t
1      0.09952   0.62961   0.21065   0.06022
2      0.03972   0.64423   0.27478   0.04126
3      0.10422   0.16489   0.42886   0.30203
4      0.00377   0.65871   0.00312   0.33440
5      0.06602   0.10472   0.78017   0.04908
6      0.79877   0.12264   0.03350   0.04509
7      0.00000   1.00000   0.00000   0.00000
8      0.00878   0.10526   0.87704   0.00892
9      0.04404   0.40648   0.19167   0.35781
10     0.61423   0.22055   0.07857   0.08666
11     0.13583   0.64873   0.11435   0.10108
XX
CC  residue_type: 
CC  program: transfac
CC  matrix.nb: 12
CC  accession: RORB_H_cluster_4_G20_M4_C10
CC  AC: RORB_H_cluster_4_G20_M4_C10
CC  id: RORB_H_cluster_4_G20_M4_C10
CC  name: cluster_4_G20_M4_C10
CC  version: 
CC  name: cluster_4_G20_M4_C10
CC  description: scCCyTGACCymc
CC  transfac_consensus: 
CC  matrix.nb: 12
XX
//
AC  NACC2_S_cluster_4_G19_M1_C9
XX
ID  cluster_4_G19_M1_C9
XX
DE  cwCGTGTAACww
P0           a         c         g         t
1      0.00000   1.00000   0.00000   0.00000
2      0.00000   0.00000   1.00000   0.00000
3      0.12940   0.44718   0.08451   0.33891
4      0.29577   0.02729   0.59507   0.08187
5      0.02641   0.19278   0.03081   0.75000
6      0.57130   0.10651   0.11620   0.20599
7      0.65493   0.02553   0.17430   0.14525
8      0.14965   0.45599   0.12500   0.26937
XX
CC  residue_type: 
CC  program: transfac
CC  matrix.nb: 13
CC  accession: NACC2_S_cluster_4_G19_M1_C9
CC  AC: NACC2_S_cluster_4_G19_M1_C9
CC  id: NACC2_S_cluster_4_G19_M1_C9
CC  name: cluster_4_G19_M1_C9
CC  version: 
CC  name: cluster_4_G19_M1_C9
CC  description: cwCGTGTAACww
CC  transfac_consensus: 
CC  matrix.nb: 13
XX
//
AC  TIGD3_P_dyads_test_vs_ctrl_m2_G20_M1_C2
XX
ID  dyads_test_vs_ctrl_m2_G20_M1_C2
XX
DE  kraTTATTCARtwA
P0           a         c         g         t
1      0.24390   0.20732   0.28049   0.26829
2      0.25073   0.21122   0.39597   0.14208
3      0.40353   0.17171   0.23497   0.18979
4      0.17855   0.16692   0.08055   0.57398
5      0.00186   0.00371   0.00371   0.99072
6      1.00000   0.00000   0.00000   0.00000
7      0.00000   0.00000   0.00000   1.00000
8      0.00719   0.00000   0.24492   0.74789
9      0.00000   1.00000   0.00000   0.00000
10     0.92682   0.02439   0.03659   0.01220
11     0.27349   0.09952   0.51752   0.10947
12     0.24257   0.19736   0.10700   0.45307
13     0.32927   0.14634   0.24390   0.28049
14     0.74962   0.05122   0.06082   0.13834
XX
CC  residue_type: 
CC  program: transfac
CC  matrix.nb: 14
CC  accession: TIGD3_P_dyads_test_vs_ctrl_m2_G20_M1_C2
CC  AC: TIGD3_P_dyads_test_vs_ctrl_m2_G20_M1_C2
CC  id: TIGD3_P_dyads_test_vs_ctrl_m2_G20_M1_C2
CC  name: dyads_test_vs_ctrl_m2_G20_M1_C2
CC  version: 
CC  name: dyads_test_vs_ctrl_m2_G20_M1_C2
CC  description: kraTTATTCARtwA
CC  transfac_consensus: 
CC  matrix.nb: 14
XX
//
AC  GABPA_C_cluster_1_node_1_2motifs_G20_M4_C1
XX
ID  cluster_1_node_1_2motifs_G20_M4_C1
XX
DE  --------ssvaCCGGAAGTGvsgbsvsssss
P0           a         c         g         t
1      0.51006   0.18171   0.24207   0.06616
2      0.12906   0.65091   0.20094   0.01909
3      0.02449   0.96203   0.00875   0.00473
4      0.00000   0.00000   1.00000   0.00000
5      0.00000   0.00000   1.00000   0.00000
6      1.00000   0.00000   0.00000   0.00000
7      0.81320   0.02194   0.01686   0.14800
8      0.13005   0.09014   0.77542   0.00439
9      0.05975   0.36174   0.06613   0.51238
10     0.27266   0.16531   0.45333   0.10869
11     0.29369   0.33570   0.22426   0.14635
12     0.14512   0.45579   0.26250   0.13659
13     0.10133   0.39781   0.36234   0.13851
XX
CC  residue_type: 
CC  program: transfac
CC  matrix.nb: 15
CC  accession: GABPA_C_cluster_1_node_1_2motifs_G20_M4_C1
CC  AC: GABPA_C_cluster_1_node_1_2motifs_G20_M4_C1
CC  id: GABPA_C_cluster_1_node_1_2motifs_G20_M4_C1
CC  name: cluster_1_node_1_2motifs_G20_M4_C1
CC  version: 
CC  name: cluster_1_node_1_2motifs_G20_M4_C1
CC  description: --------ssvaCCGGAAGTGvsgbsvsssss
CC  transfac_consensus: 
CC  matrix.nb: 15
XX
//
AC  PRDM5_C_cluster_10_G20_M5_C8
XX
ID  cluster_10_G20_M5_C8
XX
DE  ssCGCssssssssssGCGss
P0           a         c         g         t
1      0.35712   0.28389   0.26788   0.09112
2      0.08274   0.56871   0.27738   0.07117
3      0.00000   1.00000   0.00000   0.00000
4      0.02717   0.02967   0.92621   0.01695
5      0.02142   0.70382   0.24846   0.02630
6      0.35115   0.23633   0.33335   0.07917
7      0.35831   0.25812   0.30030   0.08327
8      0.12070   0.40881   0.35008   0.12042
9      0.06107   0.37175   0.49604   0.07114
10     0.11157   0.28586   0.37835   0.22423
11     0.06720   0.66267   0.19427   0.07586
12     0.04256   0.77974   0.14118   0.03652
13     0.12045   0.35043   0.40852   0.12060
14     0.06201   0.69025   0.19158   0.05616
15     0.10847   0.45580   0.32275   0.11297
16     0.02079   0.04753   0.55736   0.37432
17     0.01370   0.73884   0.22582   0.02164
18     0.02057   0.07614   0.88312   0.02017
19     0.10750   0.41847   0.34914   0.12489
20     0.10822   0.44551   0.33695   0.10931
XX
CC  residue_type: 
CC  program: transfac
CC  matrix.nb: 16
CC  accession: PRDM5_C_cluster_10_G20_M5_C8
CC  AC: PRDM5_C_cluster_10_G20_M5_C8
CC  id: PRDM5_C_cluster_10_G20_M5_C8
CC  name: cluster_10_G20_M5_C8
CC  version: 
CC  name: cluster_10_G20_M5_C8
CC  description: ssCGCssssssssssGCGss
CC  transfac_consensus: 
CC  matrix.nb: 16
XX
//
AC  ZNF362_C_cluster_1_G20_M2_C6
XX
ID  cluster_1_G20_M2_C6
XX
DE  rAsmsTCysTCTCAAAAAWAMAAAAAA
P0           a         c         g         t
1      0.28148   0.03513   0.66599   0.01739
2      0.79187   0.00760   0.01228   0.18825
3      0.02145   0.50785   0.41876   0.05194
4      0.43394   0.37943   0.00970   0.17692
5      0.17343   0.41908   0.38976   0.01773
6      0.04735   0.12212   0.02085   0.80968
7      0.02178   0.59609   0.17526   0.20687
8      0.07083   0.31705   0.05855   0.55357
9      0.14536   0.25141   0.54172   0.06151
10     0.21374   0.01056   0.13879   0.63691
11     0.23644   0.74148   0.01080   0.01128
12     0.11014   0.14917   0.21086   0.52983
13     0.20558   0.61424   0.00635   0.17383
14     0.78985   0.15355   0.03271   0.02389
15     0.95282   0.01890   0.00899   0.01929
16     0.94583   0.01850   0.01045   0.02522
17     0.84782   0.06769   0.03384   0.05065
18     1.00000   0.00000   0.00000   0.00000
19     1.00000   0.00000   0.00000   0.00000
20     1.00000   0.00000   0.00000   0.00000
21     0.69630   0.26286   0.00980   0.03103
22     1.00000   0.00000   0.00000   0.00000
23     1.00000   0.00000   0.00000   0.00000
24     1.00000   0.00000   0.00000   0.00000
25     1.00000   0.00000   0.00000   0.00000
26     1.00000   0.00000   0.00000   0.00000
27     1.00000   0.00000   0.00000   0.00000
XX
CC  residue_type: 
CC  program: transfac
CC  matrix.nb: 17
CC  accession: ZNF362_C_cluster_1_G20_M2_C6
CC  AC: ZNF362_C_cluster_1_G20_M2_C6
CC  id: ZNF362_C_cluster_1_G20_M2_C6
CC  name: cluster_1_G20_M2_C6
CC  version: 
CC  name: cluster_1_G20_M2_C6
CC  description: rAsmsTCysTCTCAAAAAWAMAAAAAA
CC  transfac_consensus: 
CC  matrix.nb: 17
XX
//
AC  NFKB1_S_cluster_4_G20_M4_C5
XX
ID  cluster_4_G20_M4_C5
XX
DE  cttmGGGGAAkyACCkgaa
P0           a         c         g         t
1      0.32132   0.42590   0.14954   0.10324
2      0.01246   0.10094   0.87430   0.01230
3      0.06152   0.20495   0.71574   0.01779
4      0.01661   0.31491   0.62624   0.04224
5      0.08541   0.19111   0.68493   0.03855
6      0.54539   0.27067   0.15333   0.03060
7      0.59963   0.27882   0.03399   0.08756
8      0.09089   0.08089   0.46050   0.36771
9      0.05747   0.35275   0.03512   0.55467
10     0.95181   0.03614   0.00395   0.00810
11     0.00000   1.00000   0.00000   0.00000
12     0.00000   0.16845   0.83155   0.00000
XX
CC  residue_type: 
CC  program: transfac
CC  matrix.nb: 18
CC  accession: NFKB1_S_cluster_4_G20_M4_C5
CC  AC: NFKB1_S_cluster_4_G20_M4_C5
CC  id: NFKB1_S_cluster_4_G20_M4_C5
CC  name: cluster_4_G20_M4_C5
CC  version: 
CC  name: cluster_4_G20_M4_C5
CC  description: cttmGGGGAAkyACCkgaa
CC  transfac_consensus: 
CC  matrix.nb: 18
XX
//
AC  RORB_S_cluster_4_G20_M1_C8
XX
ID  cluster_4_G20_M1_C8
XX
DE  htCGTATGCcs
P0           a         c         g         t
1      0.00000   1.00000   0.00000   0.00000
2      0.00000   0.00000   1.00000   0.00000
3      0.02731   0.25293   0.02898   0.69078
4      0.82347   0.00479   0.02635   0.14539
5      0.16503   0.40862   0.11808   0.30826
6      0.16096   0.21198   0.40455   0.22251
7      0.29868   0.32216   0.28958   0.08958
XX
CC  residue_type: 
CC  program: transfac
CC  matrix.nb: 19
CC  accession: RORB_S_cluster_4_G20_M1_C8
CC  AC: RORB_S_cluster_4_G20_M1_C8
CC  id: RORB_S_cluster_4_G20_M1_C8
CC  name: cluster_4_G20_M1_C8
CC  version: 
CC  name: cluster_4_G20_M1_C8
CC  description: htCGTATGCcs
CC  transfac_consensus: 
CC  matrix.nb: 19
XX
//
AC  LEF1_S_cluster_1_node_2_2motifs_G20_M5_C2
XX
ID  cluster_1_node_2_2motifs_G20_M5_C2
XX
DE  --------CGAGCTCTTCCGATCAtggagamma
P0           a         c         g         t
1      0.00000   1.00000   0.00000   0.00000
2      0.00000   0.00000   1.00000   0.00000
3      0.60396   0.34653   0.02970   0.01980
4      0.00990   0.15182   0.82838   0.00990
5      0.00660   0.72607   0.26403   0.00330
6      0.00660   0.02640   0.21122   0.75578
7      0.01650   0.92079   0.02970   0.03300
8      0.01320   0.01980   0.28383   0.68317
9      0.20792   0.00990   0.01320   0.76898
10     0.02310   0.94059   0.01650   0.01980
11     0.00000   0.74587   0.25413   0.00000
12     0.00000   0.00000   1.00000   0.00000
13     0.88779   0.04950   0.02640   0.03630
14     0.03630   0.04290   0.03630   0.88449
15     0.06931   0.76238   0.09571   0.07261
16     0.75578   0.05281   0.12211   0.06931
17     0.23762   0.11221   0.09571   0.55446
18     0.24752   0.18482   0.38614   0.18152
19     0.19802   0.15182   0.45875   0.19142
20     0.48845   0.11551   0.31683   0.07921
21     0.17492   0.16502   0.44224   0.21782
22     0.30363   0.37954   0.20462   0.11221
XX
CC  residue_type: 
CC  program: transfac
CC  matrix.nb: 20
CC  accession: LEF1_S_cluster_1_node_2_2motifs_G20_M5_C2
CC  AC: LEF1_S_cluster_1_node_2_2motifs_G20_M5_C2
CC  id: LEF1_S_cluster_1_node_2_2motifs_G20_M5_C2
CC  name: cluster_1_node_2_2motifs_G20_M5_C2
CC  version: 
CC  name: cluster_1_node_2_2motifs_G20_M5_C2
CC  description: --------CGAGCTCTTCCGATCAtggagamma
CC  transfac_consensus: 
CC  matrix.nb: 20
XX
//
AC  NACC2_P_oligos_6-7nt_m3_G20_M5_C2
XX
ID  oligos_6-7nt_m3_G20_M5_C2
XX
DE  dmyTmACATRTGWka
P0           a         c         g         t
1      0.29577   0.11374   0.29577   0.29471
2      0.34037   0.26797   0.18552   0.20613
3      0.17073   0.34146   0.14634   0.34146
4      0.14634   0.07317   0.07317   0.70732
5      0.32565   0.40639   0.04650   0.22146
6      0.85366   0.02439   0.04878   0.07317
7      0.03776   0.69861   0.01888   0.24475
8      0.80517   0.00000   0.19483   0.00000
9      0.02003   0.19852   0.00000   0.78145
10     0.41191   0.01507   0.57302   0.00000
11     0.04878   0.02439   0.02439   0.90244
12     0.14125   0.01085   0.79902   0.04888
13     0.35927   0.00000   0.04954   0.59119
14     0.21341   0.13580   0.27162   0.37916
15     0.43720   0.17054   0.17054   0.22171
XX
CC  residue_type: 
CC  program: transfac
CC  matrix.nb: 21
CC  accession: NACC2_P_oligos_6-7nt_m3_G20_M5_C2
CC  AC: NACC2_P_oligos_6-7nt_m3_G20_M5_C2
CC  id: NACC2_P_oligos_6-7nt_m3_G20_M5_C2
CC  name: oligos_6-7nt_m3_G20_M5_C2
CC  version: 
CC  name: oligos_6-7nt_m3_G20_M5_C2
CC  description: dmyTmACATRTGWka
CC  transfac_consensus: 
CC  matrix.nb: 21
XX
//
AC  TIGD3_S_cluster_2_node_2_2motifs_G20_M5_C2
XX
ID  cluster_2_node_2_2motifs_G20_M5_C2
XX
DE  cmCCCsCsCCCCyyCCCCCCAtmc
P0           a         c         g         t
1      0.21667   0.68125   0.05625   0.04583
2      0.09583   0.78750   0.07292   0.04375
3      0.06667   0.64792   0.23125   0.05417
4      0.21667   0.42500   0.27917   0.07917
5      0.00000   1.00000   0.00000   0.00000
6      0.00000   0.00000   1.00000   0.00000
7      0.07708   0.80208   0.06042   0.06042
8      0.07917   0.62292   0.25000   0.04792
9      0.03958   0.87708   0.03750   0.04583
10     0.26458   0.52917   0.16250   0.04375
11     0.08333   0.46042   0.08125   0.37500
12     0.24792   0.38958   0.05000   0.31250
13     0.32500   0.53750   0.08958   0.04792
14     0.16250   0.71042   0.06667   0.06042
15     0.05625   0.58125   0.30833   0.05417
16     0.08333   0.80208   0.05833   0.05625
17     0.06458   0.63125   0.25417   0.05000
18     0.06250   0.61458   0.25000   0.07292
19     0.56458   0.08958   0.27708   0.06875
20     0.13958   0.17292   0.08750   0.60000
XX
CC  residue_type: 
CC  program: transfac
CC  matrix.nb: 22
CC  accession: TIGD3_S_cluster_2_node_2_2motifs_G20_M5_C2
CC  AC: TIGD3_S_cluster_2_node_2_2motifs_G20_M5_C2
CC  id: TIGD3_S_cluster_2_node_2_2motifs_G20_M5_C2
CC  name: cluster_2_node_2_2motifs_G20_M5_C2
CC  version: 
CC  name: cluster_2_node_2_2motifs_G20_M5_C2
CC  description: cmCCCsCsCCCCyyCCCCCCAtmc
CC  transfac_consensus: 
CC  matrix.nb: 22
XX
//
AC  SP140_C_positions_6nt_m2_G20_M3_C7
XX
ID  positions_6nt_m2_G20_M3_C7
XX
DE  CCATTCGAtk
P0           a         c         g         t
1      0.57642   0.32227   0.04535   0.05596
2      0.20986   0.46374   0.04610   0.28031
3      0.96531   0.00816   0.01837   0.00816
4      0.00000   0.00000   0.00000   1.00000
5      0.27532   0.00314   0.00000   0.72154
6      0.09286   0.82542   0.00000   0.08172
7      0.40149   0.00000   0.59851   0.00000
8      1.00000   0.00000   0.00000   0.00000
9      0.00000   0.07832   0.00000   0.92168
10     0.14189   0.01891   0.17974   0.65946
XX
CC  residue_type: 
CC  program: transfac
CC  matrix.nb: 23
CC  accession: SP140_C_positions_6nt_m2_G20_M3_C7
CC  AC: SP140_C_positions_6nt_m2_G20_M3_C7
CC  id: SP140_C_positions_6nt_m2_G20_M3_C7
CC  name: positions_6nt_m2_G20_M3_C7
CC  version: 
CC  name: positions_6nt_m2_G20_M3_C7
CC  description: CCATTCGAtk
CC  transfac_consensus: 
CC  matrix.nb: 23
XX
//
