AC  NFKB1_NFKB1_H_cluster_1_node_4_5motifs
XX
ID  cluster_1_node_4_5motifs
XX
DE  ssrrgdaGGGGATTCCCCtwcyybs-
P0           a         c         g         t
1      0.66280   0.14751   0.10694   0.08275
2      0.00086   0.00043   0.99857   0.00014
3      0.00005   0.00004   0.99981   0.00009
4      0.00027   0.00004   0.99594   0.00374
5      0.04294   0.00015   0.95486   0.00204
6      0.94148   0.02450   0.02630   0.00772
7      0.23444   0.00269   0.00207   0.76080
8      0.00196   0.01510   0.00586   0.97709
9      0.00088   0.97260   0.00004   0.02648
10     0.00153   0.99832   0.00005   0.00010
11     0.00010   0.99980   0.00002   0.00008
12     0.00102   0.99435   0.00197   0.00266
13     0.07109   0.14908   0.15092   0.62890
14     0.34422   0.11472   0.12098   0.42009
XX
CC  residue_type: 
CC  program: transfac
CC  matrix.nb: 1
CC  accession: NFKB1_NFKB1_H_cluster_1_node_4_5motifs
CC  AC: NFKB1_NFKB1_H_cluster_1_node_4_5motifs
CC  id: NFKB1_NFKB1_H_cluster_1_node_4_5motifs
CC  name: cluster_1_node_4_5motifs
CC  version: 
CC  name: cluster_1_node_4_5motifs
CC  description: ssrrgdaGGGGATTCCCCtwcyybs-
CC  transfac_consensus: 
CC  matrix.nb: 1
XX
//
AC  NACC2_NACC2_H_cluster_1
XX
ID  cluster_1
XX
DE  ATGTyArAAATGACATry
P0           a         c         g         t
1      0.95553   0.01808   0.02610   0.00029
2      0.00032   0.01398   0.00098   0.98473
3      0.00131   0.00111   0.99724   0.00034
4      0.05497   0.00806   0.00063   0.93635
5      0.00028   0.67598   0.00028   0.32346
6      0.93489   0.00889   0.05553   0.00069
7      0.49721   0.00068   0.32027   0.18184
8      0.99613   0.00011   0.00040   0.00336
9      0.91868   0.00091   0.00031   0.08009
10     0.68182   0.23444   0.03217   0.05158
11     0.00042   0.03370   0.01389   0.95199
12     0.02563   0.00016   0.97411   0.00010
13     0.99661   0.00263   0.00024   0.00052
14     0.00033   0.99933   0.00022   0.00012
15     0.99933   0.00037   0.00023   0.00007
16     0.00065   0.04677   0.00398   0.94860
17     0.39207   0.00155   0.60505   0.00133
18     0.00346   0.43770   0.18917   0.36967
XX
CC  residue_type: 
CC  program: transfac
CC  matrix.nb: 2
CC  accession: NACC2_NACC2_H_cluster_1
CC  AC: NACC2_NACC2_H_cluster_1
CC  id: NACC2_NACC2_H_cluster_1
CC  name: cluster_1
CC  version: 
CC  name: cluster_1
CC  description: ATGTyArAAATGACATry
CC  transfac_consensus: 
CC  matrix.nb: 2
XX
//
AC  ZNF362_ZNF362_G_cluster_2_node_1_2motifs
XX
ID  cluster_2_node_1_2motifs
XX
DE  ---AAAAAAAACAAAAAAAa-
P0           a         c         g         t
1      0.68519   0.21605   0.03704   0.06173
2      0.71939   0.16327   0.04592   0.07143
3      0.80612   0.12245   0.03571   0.03571
4      0.87245   0.07143   0.02551   0.03061
5      0.95918   0.01020   0.01531   0.01531
6      0.94898   0.02041   0.00510   0.02551
7      0.96429   0.00000   0.00000   0.03571
8      0.98469   0.00000   0.00510   0.01020
9      0.00510   0.93367   0.03571   0.02551
10     1.00000   0.00000   0.00000   0.00000
11     0.95408   0.00510   0.01020   0.03061
12     0.94898   0.01531   0.01531   0.02041
13     0.95408   0.03061   0.00510   0.01020
14     0.85714   0.08163   0.01020   0.05102
15     0.83163   0.07143   0.03571   0.06122
16     0.68878   0.17857   0.08163   0.05102
17     0.66667   0.24691   0.06173   0.02469
XX
CC  residue_type: 
CC  program: transfac
CC  matrix.nb: 3
CC  accession: ZNF362_ZNF362_G_cluster_2_node_1_2motifs
CC  AC: ZNF362_ZNF362_G_cluster_2_node_1_2motifs
CC  id: ZNF362_ZNF362_G_cluster_2_node_1_2motifs
CC  name: cluster_2_node_1_2motifs
CC  version: 
CC  name: cluster_2_node_1_2motifs
CC  description: ---AAAAAAAACAAAAAAAa-
CC  transfac_consensus: 
CC  matrix.nb: 3
XX
//
AC  GABPA_GABPA_G_cluster_1
XX
ID  cluster_1
XX
DE  csbcACTTCCGGttyss
P0           a         c         g         t
1      0.14182   0.54740   0.16250   0.14828
2      0.70751   0.04991   0.21251   0.03007
3      0.00748   0.87307   0.02992   0.08954
4      0.03173   0.00863   0.01170   0.94794
5      0.00667   0.00507   0.00963   0.97863
6      0.00633   0.98193   0.00692   0.00481
7      0.00496   0.98471   0.00396   0.00637
8      0.01122   0.00885   0.83096   0.14897
9      0.01925   0.14660   0.78849   0.04566
10     0.05443   0.22499   0.09442   0.62616
XX
CC  residue_type: 
CC  program: transfac
CC  matrix.nb: 4
CC  accession: GABPA_GABPA_G_cluster_1
CC  AC: GABPA_GABPA_G_cluster_1
CC  id: GABPA_GABPA_G_cluster_1
CC  name: cluster_1
CC  version: 
CC  name: cluster_1
CC  description: csbcACTTCCGGttyss
CC  transfac_consensus: 
CC  matrix.nb: 4
XX
//
AC  TIGD3_TIGD3_H_cluster_3
XX
ID  cluster_3
XX
DE  TgCAsyTATCCGww
P0           a         c         g         t
1      0.07583   0.09652   0.07395   0.75370
2      0.08109   0.12765   0.63194   0.15932
3      0.11082   0.85898   0.01624   0.01396
4      0.86858   0.03522   0.06208   0.03412
5      0.01151   0.54681   0.42834   0.01334
6      0.02054   0.43008   0.08997   0.45941
7      0.02174   0.02006   0.03971   0.91849
8      0.85973   0.04883   0.04826   0.04318
9      0.16580   0.02033   0.02114   0.79272
10     0.03881   0.89708   0.04228   0.02183
11     0.03193   0.90342   0.04037   0.02428
12     0.17495   0.04085   0.74646   0.03774
13     0.35814   0.16886   0.19390   0.27910
14     0.44179   0.19199   0.04737   0.31885
XX
CC  residue_type: 
CC  program: transfac
CC  matrix.nb: 5
CC  accession: TIGD3_TIGD3_H_cluster_3
CC  AC: TIGD3_TIGD3_H_cluster_3
CC  id: TIGD3_TIGD3_H_cluster_3
CC  name: cluster_3
CC  version: 
CC  name: cluster_3
CC  description: TgCAsyTATCCGww
CC  transfac_consensus: 
CC  matrix.nb: 5
XX
//
AC  GABPA_GABPA_C_oligos_6nt_mkv3_m1
XX
ID  oligos_6nt_mkv3_m1
XX
DE  svrCCGGAAGTGrsgsss
P0           a         c         g         t
1      0.22467   0.26912   0.36138   0.14484
2      0.25526   0.28537   0.31166   0.14771
3      0.47084   0.18212   0.26864   0.07839
4      0.04493   0.80306   0.12763   0.02438
5      0.08509   0.87094   0.02820   0.01577
6      0.01243   0.01052   0.96701   0.01004
7      0.01099   0.00669   0.97563   0.00669
8      0.95125   0.02055   0.01816   0.01004
9      0.93117   0.02438   0.01864   0.02581
10     0.04589   0.02581   0.92256   0.00574
11     0.04398   0.10660   0.04015   0.80927
12     0.08509   0.14006   0.70219   0.07266
13     0.37476   0.24761   0.28633   0.09130
14     0.13910   0.49474   0.25239   0.11377
15     0.10946   0.21845   0.50670   0.16539
16     0.11950   0.30449   0.33031   0.24570
17     0.15631   0.35373   0.29732   0.19264
18     0.19551   0.28824   0.33078   0.18547
XX
CC  residue_type: 
CC  program: transfac
CC  matrix.nb: 6
CC  accession: GABPA_GABPA_C_oligos_6nt_mkv3_m1
CC  AC: GABPA_GABPA_C_oligos_6nt_mkv3_m1
CC  id: GABPA_GABPA_C_oligos_6nt_mkv3_m1
CC  name: oligos_6nt_mkv3_m1
CC  version: 
CC  name: oligos_6nt_mkv3_m1
CC  description: svrCCGGAAGTGrsgsss
CC  transfac_consensus: 
CC  matrix.nb: 6
XX
//
AC  ZNF362_ZNF362_C_cluster_1_node_3_4motifs
XX
ID  cluster_1_node_3_4motifs
XX
DE  rAsmsTCysTmYyAAAAAWAMAAAAAA
P0           a         c         g         t
1      0.28148   0.03513   0.66599   0.01739
2      0.96374   0.00932   0.01501   0.01193
3      0.02145   0.50785   0.41876   0.05194
4      0.43394   0.37943   0.00970   0.17692
5      0.17343   0.41908   0.38976   0.01773
6      0.04735   0.12212   0.02085   0.80968
7      0.03174   0.86839   0.03033   0.06953
8      0.03177   0.30403   0.01375   0.65044
9      0.12716   0.29624   0.55369   0.02291
10     0.01666   0.01803   0.00344   0.96187
11     0.29993   0.67778   0.00964   0.01266
12     0.01715   0.27947   0.00501   0.69838
13     0.05299   0.66946   0.00789   0.26965
14     0.95780   0.01528   0.00981   0.01711
15     0.97677   0.00644   0.00925   0.00754
16     0.98217   0.00539   0.00520   0.00724
17     0.97898   0.00625   0.00522   0.00955
18     0.97144   0.00731   0.00810   0.01315
19     0.70384   0.01191   0.00570   0.27855
20     0.94298   0.02660   0.01114   0.01928
21     0.69630   0.26286   0.00980   0.03103
22     0.95808   0.01480   0.01030   0.01681
23     0.96937   0.01054   0.00744   0.01265
24     0.97617   0.00754   0.00575   0.01054
25     0.96675   0.01022   0.00750   0.01553
26     0.90602   0.01679   0.01766   0.05953
27     0.80684   0.02014   0.02064   0.15239
XX
CC  residue_type: 
CC  program: transfac
CC  matrix.nb: 7
CC  accession: ZNF362_ZNF362_C_cluster_1_node_3_4motifs
CC  AC: ZNF362_ZNF362_C_cluster_1_node_3_4motifs
CC  id: ZNF362_ZNF362_C_cluster_1_node_3_4motifs
CC  name: cluster_1_node_3_4motifs
CC  version: 
CC  name: cluster_1_node_3_4motifs
CC  description: rAsmsTCysTmYyAAAAAWAMAAAAAA
CC  transfac_consensus: 
CC  matrix.nb: 7
XX
//
AC  ZNF407_ZNF407_G_cluster_1
XX
ID  cluster_1
XX
DE  ssrrcTACGGwrGCCgrsrrGGGhC
P0           a         c         g         t
1      0.25210   0.14706   0.47059   0.13025
2      0.05180   0.62158   0.21007   0.11655
3      0.08633   0.07482   0.15683   0.68201
4      0.92230   0.03453   0.02590   0.01727
5      0.01727   0.94388   0.01151   0.02734
6      0.01151   0.01727   0.96978   0.00144
7      0.00288   0.00863   0.98705   0.00144
8      0.39712   0.19856   0.15396   0.25036
9      0.32950   0.05612   0.53381   0.08058
10     0.09640   0.08489   0.76835   0.05036
11     0.01295   0.83022   0.12374   0.03309
12     0.02158   0.72518   0.09640   0.15683
13     0.05612   0.24460   0.58417   0.11511
14     0.38273   0.18705   0.31223   0.11799
15     0.17266   0.26043   0.47914   0.08777
16     0.36259   0.16115   0.40288   0.07338
17     0.48074   0.12789   0.29892   0.09245
18     0.07786   0.04380   0.84428   0.03406
19     0.01370   0.00457   0.97717   0.00457
20     0.08676   0.06393   0.79452   0.05479
21     0.26027   0.31507   0.11416   0.31050
22     0.12329   0.68493   0.12329   0.06849
XX
CC  residue_type: 
CC  program: transfac
CC  matrix.nb: 8
CC  accession: ZNF407_ZNF407_G_cluster_1
CC  AC: ZNF407_ZNF407_G_cluster_1
CC  id: ZNF407_ZNF407_G_cluster_1
CC  name: cluster_1
CC  version: 
CC  name: cluster_1
CC  description: ssrrcTACGGwrGCCgrsrrGGGhC
CC  transfac_consensus: 
CC  matrix.nb: 8
XX
//
AC  ZNF407_ZNF407_C_cluster_3
XX
ID  cluster_3
XX
DE  sggsGgsGGsGGsGsGGsssssg
P0           a         c         g         t
1      0.12015   0.38107   0.39927   0.09951
2      0.12864   0.24393   0.54248   0.08495
3      0.21117   0.16141   0.57767   0.04976
4      0.04854   0.53155   0.37500   0.04490
5      0.05340   0.10073   0.80583   0.04005
6      0.09835   0.24479   0.56863   0.08824
7      0.17402   0.31771   0.39246   0.11581
8      0.04718   0.10233   0.82047   0.03002
9      0.03523   0.06924   0.86918   0.02635
10     0.04350   0.56403   0.36244   0.03002
11     0.02911   0.07353   0.87377   0.02359
12     0.02788   0.06434   0.88480   0.02298
13     0.03738   0.53309   0.39890   0.03064
14     0.01808   0.04412   0.92004   0.01777
15     0.03217   0.42953   0.51256   0.02574
16     0.03309   0.20619   0.72396   0.03676
17     0.04259   0.06556   0.86213   0.02972
18     0.06985   0.49295   0.38266   0.05453
19     0.05484   0.34038   0.53646   0.06832
20     0.11336   0.29534   0.48284   0.10846
21     0.11305   0.30453   0.49602   0.08640
22     0.09466   0.39320   0.41262   0.09951
23     0.13350   0.23058   0.52791   0.10801
XX
CC  residue_type: 
CC  program: transfac
CC  matrix.nb: 9
CC  accession: ZNF407_ZNF407_C_cluster_3
CC  AC: ZNF407_ZNF407_C_cluster_3
CC  id: ZNF407_ZNF407_C_cluster_3
CC  name: cluster_3
CC  version: 
CC  name: cluster_3
CC  description: sggsGgsGGsGGsGsGGsssssg
CC  transfac_consensus: 
CC  matrix.nb: 9
XX
//
AC  RORB_RORB_P_oligos_6-7nt_m2
XX
ID  oligos_6-7nt_m2
XX
DE  awyTGGGTCAagyv
P0           a         c         g         t
1      0.38384   0.19192   0.21212   0.21212
2      0.31313   0.19192   0.15152   0.34343
3      0.18182   0.40404   0.15152   0.26263
4      0.07071   0.14141   0.06061   0.72727
5      0.16162   0.00000   0.83838   0.00000
6      0.00000   0.01010   0.97980   0.01010
7      0.00000   0.01010   0.98990   0.00000
8      0.02020   0.01010   0.02020   0.94950
9      0.00000   0.98990   0.01010   0.00000
10     0.95960   0.00000   0.03030   0.01010
11     0.59596   0.19192   0.07071   0.14141
12     0.24242   0.21212   0.33333   0.21212
13     0.16162   0.30303   0.23232   0.30303
14     0.25253   0.25253   0.29293   0.20202
XX
CC  residue_type: 
CC  program: transfac
CC  matrix.nb: 10
CC  accession: RORB_RORB_P_oligos_6-7nt_m2
CC  AC: RORB_RORB_P_oligos_6-7nt_m2
CC  id: RORB_RORB_P_oligos_6-7nt_m2
CC  name: oligos_6-7nt_m2
CC  version: 
CC  name: oligos_6-7nt_m2
CC  description: awyTGGGTCAagyv
CC  transfac_consensus: 
CC  matrix.nb: 10
XX
//
AC  TIGD3_TIGD3_P_dyads_test_vs_ctrl_m2
XX
ID  dyads_test_vs_ctrl_m2
XX
DE  kakTTATGCAgmwa
P0           a         c         g         t
1      0.24390   0.20732   0.28049   0.26829
2      0.36585   0.18293   0.24390   0.20732
3      0.19512   0.23171   0.31707   0.25610
4      0.08537   0.12195   0.09756   0.69512
5      0.01220   0.02439   0.02439   0.93902
6      1.00000   0.00000   0.00000   0.00000
7      0.00000   0.00000   0.00000   1.00000
8      0.02439   0.00000   0.82927   0.14634
9      0.00000   1.00000   0.00000   0.00000
10     0.92682   0.02439   0.03659   0.01220
11     0.10976   0.12195   0.63414   0.13415
12     0.41463   0.25610   0.18293   0.14634
13     0.32927   0.14634   0.24390   0.28049
14     0.36585   0.19512   0.23171   0.20732
XX
CC  residue_type: 
CC  program: transfac
CC  matrix.nb: 11
CC  accession: TIGD3_TIGD3_P_dyads_test_vs_ctrl_m2
CC  AC: TIGD3_TIGD3_P_dyads_test_vs_ctrl_m2
CC  id: TIGD3_TIGD3_P_dyads_test_vs_ctrl_m2
CC  name: dyads_test_vs_ctrl_m2
CC  version: 
CC  name: dyads_test_vs_ctrl_m2
CC  description: kakTTATGCAgmwa
CC  transfac_consensus: 
CC  matrix.nb: 11
XX
//
AC  LEF1_LEF1_P_oligos_6-7nt_m2
XX
ID  oligos_6-7nt_m2
XX
DE  whdacATCAAAGgssy
P0           a         c         g         t
1      0.32283   0.22047   0.20472   0.25197
2      0.29921   0.25984   0.18898   0.25197
3      0.29921   0.19685   0.25197   0.25197
4      0.60630   0.08661   0.14961   0.15748
5      0.06299   0.60630   0.22047   0.11024
6      0.81891   0.00787   0.00787   0.16535
7      0.03150   0.00787   0.00787   0.95276
8      0.04724   0.86615   0.04724   0.03937
9      0.97638   0.00000   0.00000   0.02362
10     0.94488   0.00000   0.01575   0.03937
11     0.94488   0.00000   0.03150   0.02362
12     0.07874   0.07874   0.81102   0.03150
13     0.16535   0.17323   0.58268   0.07874
14     0.17323   0.33071   0.27559   0.22047
15     0.23622   0.29921   0.25984   0.20472
16     0.22047   0.25984   0.22835   0.29134
XX
CC  residue_type: 
CC  program: transfac
CC  matrix.nb: 12
CC  accession: LEF1_LEF1_P_oligos_6-7nt_m2
CC  AC: LEF1_LEF1_P_oligos_6-7nt_m2
CC  id: LEF1_LEF1_P_oligos_6-7nt_m2
CC  name: oligos_6-7nt_m2
CC  version: 
CC  name: oligos_6-7nt_m2
CC  description: whdacATCAAAGgssy
CC  transfac_consensus: 
CC  matrix.nb: 12
XX
//
AC  SP140_SP140_G_cluster_2
XX
ID  cluster_2
XX
DE  gcaaCgryAGTGmCGgmrv
P0           a         c         g         t
1      0.61504   0.09735   0.23894   0.04867
2      0.59292   0.11504   0.21239   0.07965
3      0.07522   0.71681   0.09735   0.11062
4      0.20452   0.22585   0.45671   0.11292
5      0.34003   0.19950   0.29235   0.16813
6      0.07277   0.34003   0.06274   0.52447
7      0.91217   0.02384   0.03890   0.02509
8      0.04391   0.05395   0.88080   0.02133
9      0.03513   0.09661   0.06650   0.80176
10     0.02760   0.03764   0.90590   0.02886
11     0.31117   0.60351   0.07277   0.01255
12     0.01380   0.94228   0.01506   0.02886
13     0.03011   0.03262   0.91468   0.02258
XX
CC  residue_type: 
CC  program: transfac
CC  matrix.nb: 13
CC  accession: SP140_SP140_G_cluster_2
CC  AC: SP140_SP140_G_cluster_2
CC  id: SP140_SP140_G_cluster_2
CC  name: cluster_2
CC  version: 
CC  name: cluster_2
CC  description: gcaaCgryAGTGmCGgmrv
CC  transfac_consensus: 
CC  matrix.nb: 13
XX
//
AC  PRDM5_PRDM5_G_cluster_1_node_3_3motifs
XX
ID  cluster_1_node_3_3motifs
XX
DE  CCacCACCACCwbCACCACCwsCAc
P0           a         c         g         t
1      0.01471   0.73529   0.15441   0.09559
2      0.02356   0.84031   0.04188   0.09424
3      0.67277   0.10733   0.08639   0.13351
4      0.04712   0.59424   0.14398   0.21466
5      0.00262   0.91361   0.02356   0.06021
6      0.90576   0.01047   0.07853   0.00524
7      0.01571   0.75654   0.02880   0.19895
8      0.01832   0.96073   0.00000   0.02094
9      0.89005   0.00524   0.03141   0.07330
10     0.00000   0.86387   0.06545   0.07068
11     0.01832   0.93455   0.03141   0.01571
12     0.60995   0.02094   0.04974   0.31937
13     0.01047   0.37958   0.31414   0.29581
14     0.01571   0.89529   0.04974   0.03927
15     0.92670   0.02356   0.03403   0.01571
16     0.00785   0.79581   0.01832   0.17801
17     0.01309   0.94241   0.00262   0.04188
18     0.80105   0.02094   0.08377   0.09424
19     0.00262   0.86911   0.01309   0.11518
20     0.01309   0.94241   0.01832   0.02618
21     0.67016   0.01832   0.04712   0.26440
22     0.02618   0.51571   0.25393   0.20419
23     0.03141   0.84293   0.04188   0.08377
24     0.73560   0.07068   0.06021   0.13351
25     0.03252   0.63008   0.11789   0.21951
XX
CC  residue_type: 
CC  program: transfac
CC  matrix.nb: 14
CC  accession: PRDM5_PRDM5_G_cluster_1_node_3_3motifs
CC  AC: PRDM5_PRDM5_G_cluster_1_node_3_3motifs
CC  id: PRDM5_PRDM5_G_cluster_1_node_3_3motifs
CC  name: cluster_1_node_3_3motifs
CC  version: 
CC  name: cluster_1_node_3_3motifs
CC  description: CCacCACCACCwbCACCACCwsCAc
CC  transfac_consensus: 
CC  matrix.nb: 14
XX
//
AC  RORB_RORB_H_cluster_6
XX
ID  cluster_6
XX
DE  ssaCACGACGCcs
P0           a         c         g         t
1      0.56428   0.15053   0.12510   0.16009
2      0.05632   0.82714   0.06702   0.04952
3      0.78997   0.09452   0.07316   0.04234
4      0.01577   0.93391   0.02381   0.02650
5      0.04697   0.09114   0.82655   0.03534
6      0.86213   0.08013   0.02612   0.03161
7      0.02133   0.88298   0.01919   0.07651
8      0.04925   0.10287   0.81530   0.03258
9      0.05756   0.84992   0.05573   0.03679
XX
CC  residue_type: 
CC  program: transfac
CC  matrix.nb: 15
CC  accession: RORB_RORB_H_cluster_6
CC  AC: RORB_RORB_H_cluster_6
CC  id: RORB_RORB_H_cluster_6
CC  name: cluster_6
CC  version: 
CC  name: cluster_6
CC  description: ssaCACGACGCcs
CC  transfac_consensus: 
CC  matrix.nb: 15
XX
//
AC  PRDM5_PRDM5_C_cluster_10
XX
ID  cluster_10
XX
DE  ssCGCssssssssssGCGss
P0           a         c         g         t
1      0.12542   0.38617   0.36440   0.12401
2      0.12479   0.34949   0.41834   0.10738
3      0.02017   0.88346   0.07583   0.02054
4      0.02717   0.02967   0.92621   0.01695
5      0.02642   0.86717   0.07398   0.03243
6      0.11316   0.32300   0.45561   0.10822
7      0.10556   0.35978   0.41853   0.11613
8      0.12070   0.40881   0.35008   0.12042
9      0.10043   0.38836   0.39420   0.11701
10     0.12761   0.32685   0.43263   0.11291
11     0.11300   0.43273   0.32669   0.12758
12     0.11704   0.39455   0.38801   0.10040
13     0.12045   0.35043   0.40852   0.12060
14     0.11632   0.41887   0.35940   0.10541
15     0.10847   0.45580   0.32275   0.11297
16     0.03243   0.07398   0.86723   0.02636
17     0.01720   0.92596   0.02971   0.02714
18     0.02057   0.07614   0.88312   0.02017
19     0.10750   0.41847   0.34914   0.12489
20     0.12404   0.36453   0.38614   0.12529
XX
CC  residue_type: 
CC  program: transfac
CC  matrix.nb: 16
CC  accession: PRDM5_PRDM5_C_cluster_10
CC  AC: PRDM5_PRDM5_C_cluster_10
CC  id: PRDM5_PRDM5_C_cluster_10
CC  name: cluster_10
CC  version: 
CC  name: cluster_10
CC  description: ssCGCssssssssssGCGss
CC  transfac_consensus: 
CC  matrix.nb: 16
XX
//
AC  LEF1_LEF1_H_cluster_3
XX
ID  cluster_3
XX
DE  ccCCycccccccccccccgCCsyc
P0           a         c         g         t
1      0.01556   0.93793   0.02570   0.02081
2      0.01402   0.94095   0.02511   0.01992
3      0.01392   0.62742   0.02495   0.33372
4      0.16327   0.40800   0.19433   0.23440
5      0.16838   0.41481   0.17923   0.23758
6      0.16230   0.42763   0.18474   0.22533
7      0.17201   0.42822   0.18962   0.21015
8      0.17118   0.42989   0.18092   0.21801
9      0.16424   0.42485   0.18886   0.22205
10     0.16316   0.43780   0.18195   0.21710
11     0.16122   0.44547   0.17977   0.21354
12     0.16886   0.41231   0.20178   0.21704
13     0.16219   0.42466   0.20022   0.21292
14     0.16846   0.41952   0.20114   0.21088
15     0.17748   0.41094   0.20345   0.20813
16     0.16472   0.43295   0.17694   0.22539
17     0.09743   0.22383   0.57017   0.10858
18     0.01685   0.93075   0.02245   0.02996
19     0.01661   0.93721   0.02428   0.02191
20     0.04271   0.42055   0.48668   0.05006
XX
CC  residue_type: 
CC  program: transfac
CC  matrix.nb: 17
CC  accession: LEF1_LEF1_H_cluster_3
CC  AC: LEF1_LEF1_H_cluster_3
CC  id: LEF1_LEF1_H_cluster_3
CC  name: cluster_3
CC  version: 
CC  name: cluster_3
CC  description: ccCCycccccccccccccgCCsyc
CC  transfac_consensus: 
CC  matrix.nb: 17
XX
//
AC  NACC2_NACC2_P_oligos_6-7nt_m3
XX
ID  oligos_6-7nt_m3
XX
DE  rcyTaACATGTaArt
P0           a         c         g         t
1      0.31707   0.12195   0.31707   0.24390
2      0.21951   0.31707   0.21951   0.24390
3      0.17073   0.34146   0.14634   0.34146
4      0.14634   0.07317   0.07317   0.70732
5      0.68293   0.12195   0.09756   0.09756
6      0.85366   0.02439   0.04878   0.07317
7      0.04878   0.90244   0.02439   0.02439
8      1.00000   0.00000   0.00000   0.00000
9      0.02439   0.02439   0.00000   0.95122
10     0.04878   0.02439   0.92683   0.00000
11     0.04878   0.02439   0.02439   0.90244
12     0.63415   0.04878   0.09756   0.21951
13     0.70732   0.00000   0.09756   0.19512
14     0.26829   0.17073   0.34146   0.21951
15     0.19512   0.24390   0.24390   0.31707
XX
CC  residue_type: 
CC  program: transfac
CC  matrix.nb: 18
CC  accession: NACC2_NACC2_P_oligos_6-7nt_m3
CC  AC: NACC2_NACC2_P_oligos_6-7nt_m3
CC  id: NACC2_NACC2_P_oligos_6-7nt_m3
CC  name: oligos_6-7nt_m3
CC  version: 
CC  name: oligos_6-7nt_m3
CC  description: rcyTaACATGTaArt
CC  transfac_consensus: 
CC  matrix.nb: 18
XX
//
AC  TIGD3_TIGD3_S_cluster_2_node_2_2motifs
XX
ID  cluster_2_node_2_2motifs
XX
DE  cmCCCsCsCCCCyyCCCCCCAtmc
P0           a         c         g         t
1      0.10625   0.77500   0.06458   0.05417
2      0.09583   0.78750   0.07292   0.04375
3      0.08333   0.79375   0.05625   0.06667
4      0.08750   0.49375   0.32500   0.09375
5      0.09583   0.75000   0.06875   0.08542
6      0.08333   0.46250   0.35208   0.10208
7      0.07708   0.80208   0.06042   0.06042
8      0.10000   0.78333   0.05417   0.06250
9      0.07292   0.77292   0.06875   0.08542
10     0.06042   0.79583   0.07500   0.06875
11     0.08333   0.46042   0.08125   0.37500
12     0.07708   0.47708   0.06250   0.38333
13     0.09792   0.76458   0.06458   0.07292
14     0.06667   0.78958   0.07500   0.06875
15     0.07708   0.78542   0.06250   0.07500
16     0.08333   0.80208   0.05833   0.05625
17     0.08333   0.80000   0.05208   0.06458
18     0.07917   0.77083   0.05833   0.09167
19     0.72500   0.11667   0.06875   0.08958
20     0.13958   0.17292   0.08750   0.60000
XX
CC  residue_type: 
CC  program: transfac
CC  matrix.nb: 19
CC  accession: TIGD3_TIGD3_S_cluster_2_node_2_2motifs
CC  AC: TIGD3_TIGD3_S_cluster_2_node_2_2motifs
CC  id: TIGD3_TIGD3_S_cluster_2_node_2_2motifs
CC  name: cluster_2_node_2_2motifs
CC  version: 
CC  name: cluster_2_node_2_2motifs
CC  description: cmCCCsCsCCCCyyCCCCCCAtmc
CC  transfac_consensus: 
CC  matrix.nb: 19
XX
//
AC  SP140_SP140_C_cluster_5
XX
ID  cluster_5
XX
DE  wwAAAATTTTww
P0           a         c         g         t
1      0.36823   0.11913   0.15162   0.36101
2      0.28520   0.14531   0.15704   0.41245
3      0.91877   0.01354   0.01715   0.05054
4      0.86913   0.03520   0.02798   0.06769
5      0.81047   0.04422   0.02798   0.11733
6      0.93141   0.01895   0.02798   0.02166
7      0.01986   0.02527   0.01805   0.93682
8      0.11643   0.02256   0.04242   0.81859
9      0.06588   0.02527   0.03249   0.87635
10     0.05054   0.01534   0.01264   0.92148
11     0.41426   0.15253   0.14350   0.28971
12     0.36282   0.14892   0.11733   0.37094
XX
CC  residue_type: 
CC  program: transfac
CC  matrix.nb: 20
CC  accession: SP140_SP140_C_cluster_5
CC  AC: SP140_SP140_C_cluster_5
CC  id: SP140_SP140_C_cluster_5
CC  name: cluster_5
CC  version: 
CC  name: cluster_5
CC  description: wwAAAATTTTww
CC  transfac_consensus: 
CC  matrix.nb: 20
XX
//
AC  NACC2_NACC2_S_cluster_4
XX
ID  cluster_4
XX
DE  cwCGTGTAACww
P0           a         c         g         t
1      0.03081   0.90229   0.02465   0.04225
2      0.07394   0.04137   0.84419   0.04049
3      0.02817   0.04313   0.03345   0.89525
4      0.05282   0.03961   0.85827   0.04930
5      0.03169   0.03521   0.03785   0.89525
6      0.88028   0.04754   0.03873   0.03345
7      0.89965   0.03697   0.03257   0.03081
8      0.04401   0.86532   0.04577   0.04489
XX
CC  residue_type: 
CC  program: transfac
CC  matrix.nb: 21
CC  accession: NACC2_NACC2_S_cluster_4
CC  AC: NACC2_NACC2_S_cluster_4
CC  id: NACC2_NACC2_S_cluster_4
CC  name: cluster_4
CC  version: 
CC  name: cluster_4
CC  description: cwCGTGTAACww
CC  transfac_consensus: 
CC  matrix.nb: 21
XX
//
AC  NFKB1_NFKB1_S_cluster_4
XX
ID  cluster_4
XX
DE  cttmGGGGAAkyACCkgaa
P0           a         c         g         t
1      0.32132   0.42590   0.14954   0.10324
2      0.03291   0.03060   0.90388   0.03260
3      0.07608   0.01692   0.88496   0.02204
4      0.02245   0.07551   0.84498   0.05706
5      0.10319   0.02291   0.82729   0.04660
6      0.81320   0.05890   0.08212   0.04578
7      0.79448   0.04439   0.04506   0.11606
8      0.09089   0.08089   0.46050   0.36771
9      0.05747   0.35275   0.03512   0.55467
10     0.69150   0.23105   0.02538   0.05208
11     0.02881   0.91193   0.02763   0.03163
12     0.03696   0.89260   0.03424   0.03619
XX
CC  residue_type: 
CC  program: transfac
CC  matrix.nb: 22
CC  accession: NFKB1_NFKB1_S_cluster_4
CC  AC: NFKB1_NFKB1_S_cluster_4
CC  id: NFKB1_NFKB1_S_cluster_4
CC  name: cluster_4
CC  version: 
CC  name: cluster_4
CC  description: cttmGGGGAAkyACCkgaa
CC  transfac_consensus: 
CC  matrix.nb: 22
XX
//
AC  RORB_RORB_S_cluster_4
XX
ID  cluster_4
XX
DE  htCGTATGCcs
P0           a         c         g         t
1      0.04263   0.85916   0.04719   0.05102
2      0.05653   0.04359   0.85437   0.04551
3      0.03497   0.04431   0.03737   0.88335
4      0.86108   0.04671   0.04766   0.04455
5      0.04910   0.04311   0.04671   0.86108
6      0.04431   0.03880   0.87305   0.04383
7      0.04192   0.86467   0.04527   0.04814
XX
CC  residue_type: 
CC  program: transfac
CC  matrix.nb: 23
CC  accession: RORB_RORB_S_cluster_4
CC  AC: RORB_RORB_S_cluster_4
CC  id: RORB_RORB_S_cluster_4
CC  name: cluster_4
CC  version: 
CC  name: cluster_4
CC  description: htCGTATGCcs
CC  transfac_consensus: 
CC  matrix.nb: 23
XX
//
AC  LEF1_LEF1_S_cluster_1_node_1_2motifs
XX
ID  cluster_1_node_1_2motifs
XX
DE  asrkCrkAmGAGCTCkTmyGmyst---------
P0           a         c         g         t
1      0.49359   0.12179   0.17949   0.20513
2      0.10256   0.49359   0.28846   0.11538
3      0.42308   0.07692   0.38462   0.11538
4      0.07051   0.08333   0.39103   0.45513
5      0.03205   0.89744   0.03846   0.03205
6      0.41026   0.06410   0.46154   0.06410
7      0.07051   0.02564   0.49359   0.41026
8      0.91667   0.01923   0.03846   0.02564
9      0.51923   0.40385   0.01923   0.05769
10     0.01923   0.03846   0.94231   0.00000
11     0.94872   0.02564   0.00000   0.02564
12     0.01282   0.01923   0.91026   0.05769
13     0.05128   0.93590   0.01282   0.00000
14     0.02564   0.00000   0.03205   0.94231
15     0.00641   0.92308   0.03846   0.03205
16     0.04487   0.02564   0.37179   0.55769
17     0.02564   0.03846   0.01923   0.91667
18     0.35897   0.56410   0.01282   0.06410
19     0.04487   0.53846   0.05769   0.35897
20     0.04487   0.03205   0.87179   0.05128
21     0.44872   0.37821   0.07692   0.09615
22     0.14103   0.35256   0.08974   0.41667
23     0.14103   0.29487   0.44872   0.11538
24     0.24359   0.15385   0.12179   0.48077
XX
CC  residue_type: 
CC  program: transfac
CC  matrix.nb: 24
CC  accession: LEF1_LEF1_S_cluster_1_node_1_2motifs
CC  AC: LEF1_LEF1_S_cluster_1_node_1_2motifs
CC  id: LEF1_LEF1_S_cluster_1_node_1_2motifs
CC  name: cluster_1_node_1_2motifs
CC  version: 
CC  name: cluster_1_node_1_2motifs
CC  description: asrkCrkAmGAGCTCkTmyGmyst---------
CC  transfac_consensus: 
CC  matrix.nb: 24
XX
//
