>NFKB1 NFKB1_motif1
0.28564 0.29395 0.15360 0.26680
0.00306 0.46643 0.22344 0.30707
0.24649 0.26935 0.27627 0.20789
0.30461 0.35773 0.09016 0.24750
0.05766 0.03230 0.77722 0.13283
0.13849 0.27221 0.45081 0.13849
0.10088 0.59771 0.02079 0.28062
0.11885 0.67215 0.02419 0.18481
0.16290 0.02774 0.32360 0.48576

>NFKB1 NFKB1_motif2
0.54512 0.27070 0.05169 0.13248
0.04500 0.53809 0.16361 0.25329
0.33380 0.39618 0.11300 0.15702
0.19957 0.05015 0.26990 0.48038
0.44935 0.04433 0.20697 0.29935
0.01501 0.39841 0.38297 0.20361
0.00166 0.18552 0.50093 0.31190
0.39252 0.04993 0.07419 0.48336
0.23671 0.13024 0.23772 0.39533
0.27498 0.29367 0.19499 0.23636
0.19418 0.06169 0.61327 0.13086
0.25432 0.06818 0.28666 0.39085
0.00507 0.03779 0.30464 0.65250

>NFKB1 NFKB1_motif3
0.03008 0.36932 0.00918 0.59142
0.71137 0.21698 0.03655 0.03509
0.20390 0.28119 0.34960 0.16531
0.40061 0.07331 0.08132 0.44476
0.28334 0.16428 0.36975 0.18263
0.04534 0.47655 0.17262 0.30549
0.02646 0.38265 0.27193 0.31896
0.91869 0.02385 0.00716 0.05030
0.19237 0.18496 0.37554 0.24713
0.40078 0.23945 0.01273 0.34704
0.49707 0.09624 0.33301 0.07368
0.05540 0.18766 0.54619 0.21075
0.20950 0.70956 0.07283 0.00812
0.14610 0.17791 0.09961 0.57637
0.26084 0.11893 0.59310 0.02713
0.24936 0.21513 0.26696 0.26854
0.10829 0.21344 0.48273 0.19555
0.12270 0.57136 0.10613 0.19981
0.22654 0.43660 0.14800 0.18886
0.34889 0.17136 0.29946 0.18030
0.13389 0.45948 0.05359 0.35304
0.05044 0.22697 0.19554 0.52705
0.40850 0.38777 0.10061 0.10313

>NFKB1 NFKB1_motif4
0.47807 0.40444 0.02708 0.09042
0.17511 0.21680 0.25676 0.35133
0.12057 0.60188 0.22676 0.05079
0.01195 0.64683 0.25248 0.08873
0.02008 0.58623 0.17836 0.21533
0.02195 0.02927 0.29930 0.64948
0.16865 0.55179 0.25387 0.02568
0.07667 0.35601 0.20374 0.36358
0.23069 0.11899 0.17024 0.48009
0.00758 0.18270 0.62990 0.17982
0.02857 0.59698 0.16191 0.21255
0.15110 0.04508 0.04732 0.75650

>LEF1 LEF1_motif1
0.83683 0.07308 0.01359 0.07650
0.82196 0.04635 0.05628 0.07541
0.00545 0.55417 0.17030 0.27007
0.24388 0.08741 0.32624 0.34246
0.38144 0.10348 0.04445 0.47063
0.21700 0.38716 0.24779 0.14805
0.05169 0.14065 0.06653 0.74113

>LEF1 LEF1_motif2
0.04964 0.00945 0.62371 0.31721
0.32313 0.36106 0.09950 0.21632
0.04035 0.29096 0.44740 0.22129
0.13299 0.42348 0.13572 0.30781
0.19305 0.05216 0.10180 0.65299
0.33510 0.37243 0.00846 0.28400
0.01491 0.09124 0.23044 0.66341
0.28464 0.61197 0.00837 0.09503
0.23104 0.00201 0.43223 0.33471
0.20998 0.53685 0.19552 0.05765
0.10727 0.64168 0.00508 0.24597
0.27492 0.36830 0.33133 0.02546
0.17975 0.00031 0.24212 0.57782
0.07791 0.30723 0.00786 0.60700
0.62413 0.10469 0.10502 0.16616
0.14654 0.52088 0.29800 0.03458
0.12034 0.17777 0.52242 0.17948
0.39112 0.10965 0.03452 0.46471
0.43528 0.13349 0.08623 0.34500
0.00806 0.29621 0.16440 0.53133
0.48231 0.34363 0.09872 0.07534
0.00089 0.56002 0.11039 0.32870
0.16761 0.09871 0.07767 0.65601

>LEF1 LEF1_motif3
0.10820 0.48526 0.21700 0.18953
0.53299 0.17346 0.04715 0.24641
0.08251 0.30751 0.56820 0.04178
0.22358 0.52845 0.09712 0.15085
0.05837 0.53129 0.12517 0.28518
0.50139 0.08672 0.19063 0.22126
0.01535 0.05143 0.58179 0.35143
0.27745 0.00487 0.13212 0.58556
0.24297 0.07487 0.45246 0.22970
0.07938 0.34815 0.54174 0.03073
0.16239 0.34780 0.21761 0.27220
0.03954 0.14133 0.25883 0.56030
0.44603 0.47044 0.05502 0.02851
0.01622 0.25497 0.70710 0.02172
0.17258 0.19326 0.06212 0.57205
0.06256 0.13672 0.10451 0.69621
0.05324 0.27686 0.20895 0.46094
0.22323 0.34191 0.30302 0.13184
0.19998 0.30581 0.35782 0.13639
0.11105 0.39876 0.01567 0.47452
0.29886 0.33712 0.03724 0.32677
0.08383 0.27590 0.40133 0.23893
0.40247 0.21294 0.08262 0.30197
0.41304 0.33366 0.19168 0.06161
0.65028 0.15456 0.16899 0.02616
0.47746 0.12570 0.35677 0.04007
0.42453 0.43704 0.02441 0.11402

>LEF1 LEF1_motif4
0.15078 0.24917 0.41530 0.18475
0.25030 0.10864 0.43945 0.20161
0.06655 0.65297 0.11353 0.16696
0.11189 0.51423 0.03213 0.34175
0.09769 0.48658 0.08479 0.33094
0.11160 0.13425 0.75228 0.00186
0.19502 0.54205 0.02942 0.23350
0.31096 0.36519 0.12509 0.19876
0.01197 0.43235 0.01551 0.54016
0.40214 0.42706 0.04790 0.12290
0.29858 0.29807 0.01099 0.39236
0.11865 0.01599 0.37116 0.49420
0.54545 0.00432 0.20345 0.24678
0.32849 0.33608 0.29620 0.03923
0.35836 0.39197 0.13344 0.11622
0.17342 0.11021 0.67582 0.04055
0.24792 0.21150 0.13854 0.40205
0.17270 0.05189 0.28081 0.49460
0.20176 0.14884 0.30918 0.34022
0.07845 0.80128 0.00780 0.11247
0.05111 0.69006 0.24140 0.01743
0.08088 0.03387 0.18243 0.70281
0.21334 0.62484 0.13945 0.02237

>GABPA GABPA_motif1
0.61457 0.17619 0.01465 0.19459
0.38544 0.38760 0.00098 0.22598
0.02772 0.34744 0.21079 0.41405
0.16542 0.62858 0.02805 0.17795
0.06243 0.01701 0.53214 0.38842
0.00309 0.03424 0.85814 0.10452
0.48417 0.25536 0.15175 0.10873
0.00835 0.28127 0.17340 0.53697

>GABPA GABPA_motif2
0.51167 0.29113 0.11933 0.07788
0.26566 0.24990 0.48019 0.00425
0.34789 0.17581 0.44474 0.03155
0.19913 0.56061 0.08783 0.15243
0.15840 0.67823 0.02197 0.14140
0.48465 0.07088 0.06120 0.38327
0.16896 0.06042 0.14990 0.62072
0.07346 0.30388 0.49491 0.12774
0.17935 0.37705 0.04965 0.39395
0.26545 0.26145 0.30187 0.17124
0.02005 0.09314 0.27420 0.61262
0.32357 0.07934 0.09334 0.50375
0.05878 0.35597 0.08877 0.49648
0.00195 0.74008 0.08325 0.17471
0.48697 0.39932 0.03246 0.08125
0.02348 0.11410 0.62186 0.24056
0.06799 0.34263 0.40886 0.18053

>GABPA GABPA_motif3
0.50351 0.23771 0.08661 0.17217
0.17765 0.09378 0.25460 0.47398
0.39689 0.28603 0.20880 0.10829
0.02852 0.25759 0.43065 0.28324
0.08250 0.44305 0.32362 0.15084
0.20195 0.17005 0.26815 0.35985
0.15703 0.12688 0.21260 0.50349
0.06433 0.23036 0.37969 0.32562
0.14312 0.54576 0.04614 0.26498
0.26497 0.18833 0.46033 0.08636
0.77412 0.10630 0.05357 0.06601
0.16355 0.53181 0.01920 0.28544
0.29366 0.01290 0.29562 0.39782
0.30970 0.15001 0.07234 0.46795
0.13734 0.49801 0.14522 0.21943
0.30996 0.36176 0.27749 0.05079
0.20793 0.02116 0.27911 0.49180
0.63352 0.02305 0.25035 0.09308
0.24629 0.68621 0.03229 0.03522
0.59632 0.02475 0.14178 0.23716
0.01305 0.19148 0.06988 0.72559
0.00525 0.43386 0.53214 0.02875
0.45116 0.39174 0.11261 0.04449
0.07319 0.41777 0.08707 0.42197
0.17793 0.06222 0.13817 0.62168
0.06824 0.14720 0.14567 0.63889
0.14282 0.05418 0.18889 0.61411

>GABPA GABPA_motif4
0.51313 0.02221 0.16830 0.29637
0.38741 0.21844 0.30284 0.09131
0.71847 0.19640 0.00401 0.08113
0.02724 0.02666 0.62685 0.31924
0.10130 0.60479 0.13032 0.16359
0.61816 0.20765 0.14716 0.02703
0.17239 0.47258 0.34340 0.01163
0.09154 0.24604 0.09345 0.56897
0.33226 0.47809 0.15548 0.03417
0.06387 0.36945 0.25926 0.30741
0.13787 0.55277 0.22331 0.08604
0.06363 0.31321 0.59325 0.02990
0.02161 0.05627 0.04201 0.88012
0.01288 0.64579 0.33062 0.01071
0.49207 0.23506 0.09928 0.17358
0.15983 0.38481 0.35462 0.10074
0.10856 0.09654 0.23852 0.55639
0.02233 0.03863 0.62669 0.31236
0.24519 0.06941 0.52078 0.16462
0.26900 0.07596 0.14866 0.50638
0.58331 0.11832 0.22389 0.07448
0.09642 0.60750 0.29024 0.00584
0.42869 0.31730 0.20053 0.05347
0.25901 0.44723 0.09986 0.19391
0.08357 0.73433 0.04389 0.13822
0.47158 0.39519 0.05085 0.08238
0.28029 0.00378 0.53038 0.18555
0.24544 0.07866 0.09841 0.57749
0.06553 0.64992 0.26841 0.01613

>ZNF362 ZNF362_motif1
0.14260 0.19440 0.28342 0.37958
0.63200 0.33178 0.02087 0.01535
0.10464 0.43029 0.22969 0.23538
0.51809 0.20104 0.17459 0.10629
0.23451 0.24336 0.44775 0.07438

>ZNF362 ZNF362_motif2
0.18045 0.08022 0.21173 0.52760
0.56542 0.27342 0.10327 0.05788
0.08078 0.01671 0.04882 0.85369
0.48178 0.24337 0.26451 0.01034
0.32327 0.49137 0.13005 0.05531
0.02837 0.15508 0.09670 0.71985
0.23820 0.02111 0.49890 0.24180
0.14861 0.26220 0.45387 0.13532
0.31581 0.05839 0.54790 0.07791
0.12751 0.02400 0.50721 0.34127
0.45155 0.25025 0.26125 0.03694

>ZNF362 ZNF362_motif3
0.03335 0.61741 0.14965 0.19959
0.14511 0.49131 0.08961 0.27398
0.08231 0.06537 0.04202 0.81030
0.01511 0.01379 0.66870 0.30239
0.38937 0.04662 0.30962 0.25439
0.00781 0.20751 0.26203 0.52265
0.15302 0.59934 0.03965 0.20798
0.18964 0.53372 0.17768 0.09896
0.23832 0.02546 0.49596 0.24027
0.80682 0.15297 0.00459 0.03561
0.80466 0.02155 0.04681 0.12698
0.67664 0.18081 0.10717 0.03537
0.39278 0.07320 0.31073 0.22329
0.32758 0.27663 0.03859 0.35720
0.40194 0.04364 0.35079 0.20363
0.00080 0.00105 0.02802 0.97012
0.06575 0.80092 0.03400 0.09933
0.37077 0.07068 0.25934 0.29922
0.41317 0.06760 0.43940 0.07983
0.20341 0.23614 0.46267 0.09778
0.49558 0.18743 0.31302 0.00398
0.57111 0.15135 0.09174 0.18581
0.16004 0.15182 0.06270 0.62544
0.27326 0.26441 0.22698 0.23535
0.36986 0.14818 0.33457 0.14739

>ZNF362 ZNF362_motif4
0.52725 0.04251 0.16625 0.26399
0.14824 0.20894 0.19145 0.45137
0.10964 0.17489 0.31855 0.39692
0.28362 0.38420 0.13676 0.19542
0.22997 0.41326 0.33459 0.02218
0.29365 0.25099 0.43437 0.02100
0.16628 0.40648 0.09015 0.33709
0.10084 0.28139 0.05461 0.56316
0.09556 0.00276 0.41070 0.49098
0.58083 0.02463 0.27156 0.12298
0.33760 0.13824 0.32061 0.20355
0.35909 0.23571 0.18734 0.21786
0.13162 0.27402 0.32214 0.27223
0.13981 0.02401 0.50273 0.33346
0.34368 0.40237 0.04964 0.20431
0.17375 0.04571 0.51459 0.26595
0.46600 0.09253 0.38716 0.05430
0.16783 0.48441 0.04339 0.30437
0.26112 0.02390 0.02544 0.68955
0.55016 0.17747 0.26409 0.00828
0.08263 0.36692 0.21879 0.33167
0.04268 0.39871 0.05792 0.50069
0.22703 0.43286 0.10098 0.23913
0.19575 0.04074 0.12955 0.63396

>ZNF407 ZNF407_motif1
0.56437 0.25063 0.07807 0.10694
0.08320 0.00546 0.18954 0.72180
0.30527 0.51758 0.01074 0.16641
0.34988 0.29953 0.03512 0.31548
0.20101 0.20516 0.49112 0.10271
0.31695 0.02197 0.40923 0.25185
0.48916 0.01041 0.02595 0.47448
0.56150 0.07728 0.31752 0.04371
0.02158 0.66974 0.17328 0.13540
0.02878 0.36789 0.32697 0.27636
0.12114 0.28516 0.33657 0.25714
0.18794 0.12407 0.30569 0.38231
0.04862 0.03809 0.09544 0.81785
0.13181 0.07511 0.55032 0.24276
0.68479 0.10933 0.06083 0.14505
0.18560 0.44275 0.09927 0.27238

>ZNF407 ZNF407_motif2
0.06095 0.50825 0.33425 0.09655
0.02314 0.33575 0.38868 0.25243
0.33065 0.01820 0.50482 0.14632
0.25104 0.15777 0.41517 0.17602
0.04647 0.03360 0.47441 0.44553
0.52772 0.24370 0.09203 0.13655
0.23408 0.40463 0.06321 0.29807
0.36464 0.11366 0.18117 0.34053
0.13227 0.19180 0.32579 0.35013
0.00234 0.46609 0.03382 0.49776
0.24270 0.36974 0.10287 0.28469
0.50101 0.32383 0.06255 0.11260
0.78602 0.11828 0.08595 0.00975
0.89225 0.00156 0.09404 0.01215
0.07892 0.02592 0.04377 0.85139
0.31124 0.16398 0.10987 0.41491
0.38506 0.01881 0.41422 0.18191
0.42405 0.20621 0.09955 0.27019
0.60536 0.09470 0.09740 0.20254
0.01346 0.39007 0.31360 0.28287
0.07209 0.32857 0.25209 0.34725
0.55440 0.05978 0.04054 0.34528
0.00523 0.60596 0.22102 0.16779
0.02804 0.20104 0.26472 0.50620
0.10530 0.03116 0.38644 0.47711
0.00793 0.50994 0.33232 0.14981
0.10168 0.39461 0.24388 0.25983
0.41465 0.04744 0.21429 0.32361
0.38083 0.05353 0.29723 0.26842

>ZNF407 ZNF407_motif3
0.00744 0.71159 0.11544 0.16553
0.02951 0.30577 0.17169 0.49303
0.15071 0.17477 0.28789 0.38663
0.30357 0.14955 0.05933 0.48755
0.12862 0.38576 0.11364 0.37198
0.28466 0.05247 0.43414 0.22873
0.38233 0.23526 0.32227 0.06014
0.00394 0.19709 0.67050 0.12847
0.14672 0.46323 0.06231 0.32774
0.46964 0.14919 0.09631 0.28485
0.08070 0.54047 0.05957 0.31926
0.30497 0.13851 0.31129 0.24524
0.24503 0.10520 0.41642 0.23335
0.35533 0.07783 0.49819 0.06865
0.03197 0.24307 0.59355 0.13140
0.06037 0.24249 0.15672 0.54042
0.05639 0.25190 0.23596 0.45575
0.36723 0.15514 0.12926 0.34837
0.68204 0.07945 0.06829 0.17021
0.32763 0.17960 0.15763 0.33514
0.20236 0.18879 0.01041 0.59844
0.17563 0.55880 0.23386 0.03171
0.12493 0.21634 0.38803 0.27071
0.55305 0.16945 0.27226 0.00525

>ZNF407 ZNF407_motif4
0.44700 0.08027 0.32445 0.14827
0.09004 0.41082 0.44069 0.05844
0.08354 0.28492 0.23961 0.39194
0.49220 0.28300 0.13468 0.09011
0.04867 0.07505 0.56683 0.30946
0.39379 0.03250 0.03045 0.54326
0.37605 0.48248 0.06802 0.07345
0.10696 0.28121 0.49436 0.11746
0.01560 0.31263 0.37190 0.29987
0.23203 0.08096 0.65727 0.02973
0.51955 0.31625 0.00842 0.15578
0.53013 0.02657 0.33637 0.10693
0.21372 0.56062 0.16190 0.06375
0.10566 0.15513 0.26005 0.47917
0.59250 0.20380 0.19779 0.00591
0.00064 0.14576 0.09091 0.76269

>TIGD3 TIGD3_motif1
0.19060 0.13754 0.57529 0.09657
0.50034 0.22890 0.17024 0.10053
0.35479 0.22246 0.11608 0.30668
0.17336 0.39589 0.35368 0.07707
0.09967 0.44958 0.26467 0.18609
0.21682 0.46023 0.03520 0.28775
0.28083 0.30803 0.13499 0.27614
0.40182 0.11615 0.25903 0.22300
0.03575 0.45012 0.42481 0.08932
0.40032 0.38512 0.13657 0.07799
0.25445 0.05927 0.55847 0.12781
0.44309 0.38777 0.12099 0.04815
0.20499 0.14468 0.58098 0.06935
0.23516 0.51348 0.11756 0.13379
0.19762 0.00839 0.08955 0.70444

>TIGD3 TIGD3_motif2
0.01179 0.20182 0.19253 0.59386
0.03885 0.38706 0.03881 0.53528
0.41460 0.53036 0.02061 0.03443
0.00918 0.05862 0.38349 0.54871
0.13451 0.26746 0.54712 0.05091
0.07942 0.06050 0.10539 0.75469
0.17788 0.01071 0.71176 0.09966
0.12595 0.34120 0.06827 0.46459
0.01243 0.28116 0.51282 0.19359
0.08084 0.38295 0.53268 0.00354
0.33881 0.24650 0.17198 0.24272
0.63074 0.20625 0.12757 0.03544
0.47171 0.18933 0.27255 0.06640
0.35001 0.08618 0.34597 0.21784
0.04541 0.01910 0.17766 0.75783
0.10269 0.55109 0.06196 0.28426
0.04722 0.70855 0.13331 0.11093
0.38425 0.42932 0.10703 0.07941
0.30339 0.17492 0.00362 0.51808
0.30781 0.21249 0.41623 0.06346
0.27375 0.06813 0.62513 0.03299
0.28150 0.51290 0.11287 0.09273
0.05414 0.27776 0.02975 0.63835
0.43197 0.01757 0.35070 0.19977
0.43070 0.23504 0.01027 0.32399
0.09956 0.13164 0.51029 0.25852
0.18393 0.19905 0.49445 0.12257
0.11177 0.47479 0.33566 0.07778

>TIGD3 TIGD3_motif3
0.21417 0.21022 0.53961 0.03600
0.20637 0.12980 0.22842 0.43541
0.05187 0.88116 0.02454 0.04243
0.34010 0.13855 0.01214 0.50921
0.35619 0.13366 0.20909 0.30107
0.04131 0.10906 0.75027 0.09936
0.27503 0.07495 0.44109 0.20893
0.32146 0.08288 0.03643 0.55923
0.15826 0.27057 0.07042 0.50075
0.44124 0.23175 0.15672 0.17028
0.20772 0.19592 0.19300 0.40336
0.27991 0.17896 0.02460 0.51652
0.09723 0.14101 0.23752 0.52424
0.76440 0.00343 0.23143 0.00074
0.16403 0.22714 0.32528 0.28355
0.22614 0.33720 0.38416 0.05249
0.33365 0.44099 0.03485 0.19051
0.27997 0.17021 0.23178 0.31804
0.23602 0.03321 0.10927 0.62150
0.04569 0.24083 0.68417 0.02931

>TIGD3 TIGD3_motif4
0.12377 0.43710 0.36482 0.07431
0.02982 0.80677 0.09794 0.06548
0.49233 0.15118 0.11328 0.24321
0.36267 0.11882 0.20910 0.30942
0.67862 0.17995 0.06957 0.07186
0.09597 0.26346 0.26271 0.37786
0.00575 0.44603 0.47245 0.07577
0.48425 0.14614 0.04901 0.32061
0.03809 0.37882 0.37225 0.21084
0.14771 0.39900 0.21651 0.23677
0.28594 0.23955 0.35057 0.12394
0.46204 0.11133 0.31959 0.10704
0.17235 0.32097 0.44738 0.05930
0.32024 0.19439 0.13212 0.35325
0.17803 0.41000 0.32929 0.08268
0.11830 0.03151 0.63846 0.21173

>RORB RORB_motif1
0.10537 0.03043 0.53965 0.32455
0.02596 0.15160 0.30694 0.51550
0.24835 0.16147 0.18025 0.40994
0.76931 0.12237 0.09643 0.01189
0.31844 0.43643 0.01458 0.23055
0.23422 0.21618 0.05610 0.49350
0.40977 0.06975 0.10580 0.41468
0.04452 0.02646 0.70852 0.22050
0.42682 0.34858 0.14856 0.07604
0.19583 0.71937 0.00404 0.08076
0.30558 0.02724 0.14143 0.52574
0.15460 0.05806 0.13995 0.64739
0.67229 0.03279 0.28357 0.01135
0.41402 0.12459 0.43175 0.02963
0.16318 0.05691 0.14193 0.63798
0.44684 0.11091 0.35981 0.08244
0.54593 0.07994 0.13589 0.23824
0.54706 0.10318 0.01948 0.33028
0.39423 0.19977 0.01200 0.39399
0.15324 0.37377 0.09040 0.38260
0.22146 0.19103 0.44719 0.14033
0.47570 0.20996 0.04490 0.26944
0.08646 0.14073 0.14077 0.63204
0.05867 0.38893 0.04433 0.50807

>RORB RORB_motif2
0.14169 0.18842 0.66694 0.00295
0.17997 0.37544 0.15060 0.29398
0.02196 0.04389 0.12536 0.80878
0.10103 0.36245 0.00180 0.53473
0.00376 0.42677 0.12419 0.44528
0.35791 0.21157 0.41963 0.01089
0.10624 0.62596 0.22979 0.03801
0.25368 0.01524 0.25480 0.47628
0.15953 0.00987 0.74943 0.08117
0.35138 0.00774 0.35196 0.28893
0.19942 0.09593 0.08096 0.62370
0.31146 0.04980 0.10357 0.53517
0.63448 0.12642 0.17186 0.06724
0.59882 0.05071 0.26851 0.08197
0.76027 0.07317 0.14116 0.02540
0.02735 0.67363 0.09264 0.20638
0.06078 0.16562 0.34624 0.42735
0.26874 0.49631 0.04067 0.19429

>RORB RORB_motif3
0.06578 0.02193 0.24306 0.66924
0.05743 0.83307 0.07586 0.03364
0.48861 0.13249 0.28030 0.09859
0.00963 0.35306 0.08665 0.55066
0.18684 0.05993 0.32150 0.43172
0.26279 0.17011 0.06314 0.50396

>RORB RORB_motif4
0.36916 0.15735 0.09823 0.37527
0.59299 0.36484 0.00349 0.03868
0.20660 0.37836 0.23547 0.17957
0.26625 0.24566 0.12729 0.36081
0.08027 0.15097 0.19976 0.56899
0.34540 0.06439 0.44719 0.14303
0.21784 0.24189 0.11484 0.42542
0.76678 0.15567 0.05402 0.02352
0.54800 0.15356 0.15296 0.14548
0.50905 0.03416 0.21669 0.24011
0.05625 0.04851 0.39273 0.50251
0.27860 0.08622 0.56525 0.06993
0.25331 0.48105 0.08352 0.18212
0.05301 0.58115 0.32456 0.04128
0.06659 0.62733 0.06150 0.24458
0.05835 0.28218 0.04982 0.60964
0.21264 0.20050 0.37285 0.21401
0.03028 0.14083 0.58884 0.24005
0.06939 0.13859 0.21068 0.58135
0.71320 0.07703 0.01731 0.19246

>PRDM5 PRDM5_motif1
0.64765 0.14038 0.05359 0.15837
0.25144 0.26968 0.29266 0.18622
0.04168 0.20373 0.64127 0.11331
0.61402 0.01664 0.22676 0.14259
0.41798 0.24406 0.02234 0.31562

>PRDM5 PRDM5_motif2
0.00927 0.47309 0.00733 0.51031
0.45962 0.22826 0.22074 0.09138
0.71544 0.19063 0.06007 0.03387
0.66177 0.04071 0.17215 0.12537
0.10833 0.30091 0.32646 0.26430
0.31234 0.20360 0.38864 0.09543
0.52331 0.15402 0.05685 0.26581
0.16536 0.13687 0.08046 0.61732
0.50836 0.09581 0.15704 0.23879
0.48286 0.24807 0.20378 0.06529
0.49633 0.33171 0.15170 0.02026

>PRDM5 PRDM5_motif3
0.07400 0.26117 0.51143 0.15340
0.62816 0.17512 0.01759 0.17913
0.19421 0.12711 0.13785 0.54083
0.64264 0.27076 0.07054 0.01605
0.40411 0.27271 0.09604 0.22713
0.09444 0.38975 0.22013 0.29568
0.08697 0.17896 0.19554 0.53852
0.09008 0.26746 0.38789 0.25457
0.00659 0.30227 0.46034 0.23079
0.61130 0.07375 0.29584 0.01911
0.17453 0.17778 0.19447 0.45322
0.10016 0.31468 0.02938 0.55578
0.04458 0.03991 0.51483 0.40068
0.06158 0.04198 0.36044 0.53600
0.07004 0.60075 0.12607 0.20313
0.67540 0.09279 0.13076 0.10105
0.34531 0.28268 0.34341 0.02860
0.31038 0.17305 0.28030 0.23627
0.40633 0.09901 0.03822 0.45644
0.11837 0.74261 0.06757 0.07145
0.52597 0.07851 0.17451 0.22101

>PRDM5 PRDM5_motif4
0.24238 0.04289 0.21559 0.49914
0.70584 0.06668 0.03885 0.18863
0.34431 0.15010 0.27320 0.23240
0.01853 0.14269 0.23725 0.60153
0.07657 0.67056 0.11353 0.13934
0.06664 0.13107 0.15936 0.64292
0.21721 0.29809 0.45727 0.02742
0.24004 0.01864 0.49758 0.24374
0.03146 0.10162 0.35589 0.51104
0.58459 0.33532 0.04894 0.03114
0.37623 0.00661 0.00831 0.60885
0.34058 0.56457 0.08191 0.01293
0.19034 0.32835 0.45142 0.02989
0.32332 0.07166 0.44501 0.16002
0.08968 0.43429 0.22337 0.25266
0.37669 0.29907 0.28103 0.04321
0.65963 0.11611 0.17448 0.04978
0.75697 0.01144 0.03214 0.19944
0.14924 0.29072 0.38913 0.17091

>SP140 SP140_motif1
0.66604 0.19025 0.10693 0.03678
0.08577 0.40248 0.18228 0.32947
0.24252 0.52042 0.07328 0.16379
0.30382 0.32226 0.21815 0.15576
0.60514 0.09768 0.27148 0.02570
0.19911 0.06126 0.03872 0.70090
0.10195 0.28920 0.09100 0.51785
0.12459 0.41493 0.38104 0.07944
0.02546 0.17727 0.01816 0.77911
0.25466 0.42535 0.29607 0.02392
0.56444 0.18744 0.16914 0.07898
0.02360 0.20975 0.35095 0.41570
0.01893 0.02190 0.04166 0.91751
0.16986 0.33453 0.17406 0.32156
0.33548 0.02685 0.29534 0.34233
0.27259 0.03639 0.18245 0.50857
0.54691 0.07162 0.12278 0.25869
0.75811 0.17346 0.02510 0.04332
0.63614 0.26902 0.01352 0.08133
0.37658 0.29420 0.18918 0.14004
0.71025 0.12358 0.04526 0.12090
0.18259 0.40169 0.19460 0.22113
0.21018 0.61089 0.03700 0.14193

>SP140 SP140_motif2
0.08371 0.25425 0.26171 0.40033
0.07592 0.11418 0.02928 0.78062
0.07288 0.29250 0.54400 0.09061
0.15083 0.31523 0.21467 0.31926
0.13573 0.76337 0.07053 0.03037
0.08839 0.21449 0.55947 0.13764
0.23314 0.10801 0.51192 0.14694

>SP140 SP140_motif3
0.18105 0.55063 0.24797 0.02035
0.35060 0.18790 0.41822 0.04328
0.28425 0.24193 0.19770 0.27613
0.05109 0.31892 0.28279 0.34720
0.15176 0.07757 0.70917 0.06149
0.03796 0.12394 0.73191 0.10619
0.00566 0.07583 0.63572 0.28279
0.32383 0.06216 0.55128 0.06272
0.13871 0.14096 0.53088 0.18945
0.14154 0.61162 0.03463 0.21222
0.35761 0.02281 0.26930 0.35028
0.05959 0.20990 0.62916 0.10135
0.25188 0.54995 0.19806 0.00011
0.08118 0.07678 0.37406 0.46798
0.03134 0.62660 0.13646 0.20560
0.47557 0.10764 0.18586 0.23092
0.08723 0.05126 0.34978 0.51173
0.07518 0.40294 0.06971 0.45216
0.19395 0.14466 0.09397 0.56742

>SP140 SP140_motif4
0.41790 0.30737 0.13522 0.13951
0.21099 0.48614 0.14745 0.15542
0.20090 0.49878 0.14667 0.15365
0.15685 0.09756 0.68914 0.05645
0.05943 0.30645 0.11696 0.51715
0.16705 0.76349 0.04815 0.02130
0.84270 0.02905 0.07884 0.04942

>NACC2 NACC2_motif1
0.74605 0.06834 0.11091 0.07471
0.00802 0.19173 0.53601 0.26423
0.15800 0.36787 0.19872 0.27541
0.33106 0.35352 0.21344 0.10198
0.05466 0.72629 0.16563 0.05343
0.20414 0.24964 0.38082 0.16540
0.22455 0.69625 0.06560 0.01361
0.16164 0.51912 0.31298 0.00626
0.25872 0.48750 0.04015 0.21363
0.37114 0.21421 0.10110 0.31354

>NACC2 NACC2_motif2
0.07739 0.06360 0.11652 0.74250
0.65700 0.13446 0.16745 0.04109
0.22949 0.39369 0.11058 0.26625
0.57328 0.24176 0.17328 0.01168
0.01097 0.22769 0.45635 0.30499
0.42620 0.17148 0.32490 0.07742
0.35590 0.06305 0.12807 0.45298
0.07052 0.05964 0.24518 0.62466
0.43928 0.33118 0.07639 0.15314
0.47121 0.11357 0.34174 0.07347
0.20144 0.18559 0.18691 0.42606
0.27826 0.43978 0.23373 0.04822
0.45832 0.03998 0.14380 0.35789
0.45634 0.35452 0.02262 0.16651
0.09024 0.74094 0.13601 0.03281
0.22998 0.60105 0.01128 0.15770

>NACC2 NACC2_motif3
0.23658 0.00345 0.39729 0.36268
0.20918 0.67776 0.05205 0.06101
0.05368 0.34757 0.46759 0.13116
0.13112 0.13477 0.21266 0.52145
0.30298 0.40187 0.12224 0.17291
0.32161 0.29613 0.34418 0.03808
0.04888 0.17848 0.30927 0.46336
0.06326 0.17094 0.51617 0.24963
0.08923 0.52348 0.14273 0.24455
0.10354 0.00033 0.20814 0.68799
0.27372 0.18896 0.28187 0.25545
0.01790 0.53616 0.31844 0.12750
0.21364 0.02943 0.42819 0.32875
0.10508 0.17910 0.46574 0.25008
0.12891 0.26313 0.13868 0.46928

>NACC2 NACC2_motif4
0.14154 0.60198 0.12713 0.12935
0.51912 0.31680 0.11383 0.05025
0.23246 0.00622 0.62070 0.14062
0.38908 0.32744 0.06845 0.21503
0.08049 0.09008 0.27682 0.55261
0.06488 0.15063 0.13967 0.64483
0.06653 0.38529 0.03091 0.51727
0.35253 0.20793 0.06054 0.37901
0.00521 0.12386 0.40526 0.46568
0.35014 0.18603 0.44356 0.02028
0.31004 0.17687 0.20630 0.30679
0.18669 0.13386 0.06207 0.61738
0.35964 0.60562 0.01813 0.01661
0.45897 0.20681 0.09487 0.23935
0.37260 0.22147 0.08971 0.31622
0.15574 0.23773 0.31869 0.28785
0.22653 0.25867 0.44202 0.07278
0.04179 0.38207 0.45579 0.12035
0.01869 0.21592 0.41470 0.35068
0.28474 0.36186 0.19030 0.16310
0.31471 0.03909 0.41060 0.23560
0.26254 0.32738 0.36224 0.04784

